Index,Label,Amplitude
1,1,21.3538967072964
2,1,18.6900515109301
3,1,82.9008240252733
4,1,57.4764432385564
5,1,14.5619090180844
6,1,520.259380340576
7,1,60.0168406963348
8,1,9.45843663066626
9,1,40.1134109124541
10,1,26.7875622957945
11,1,352.287823101506
12,1,429.162386804819
13,0,12.565883807838
14,1,780.20191192627
15,1,600.288141518831
16,1,464.484065771103
17,1,24.0430273115635
18,0,5.82929980009794
19,1,8.5150427184999
20,0,5.87717406597221
21,0,5.60462262546935
22,0,6.30823872052133
23,0,5.58350954088382
24,0,5.51316259225132
25,0,5.76329317118507
26,0,6.03343907278031
27,0,8.14758002525195
28,0,5.37774947588332
29,0,6.53605308616534
30,0,5.62861221260391
31,0,6.35098840575665
32,0,6.98608718812466
33,0,5.62756646831986
34,0,5.46894865692593
35,0,6.30562426522374
36,0,5.55931104463525
37,0,5.67371479701251
38,0,5.8090754901059
39,0,6.75926625262946
40,0,5.49267634050921
41,0,6.15375151392072
42,1,13.371899498452
43,0,5.60462291468866
44,1,12.9508108366281
45,0,5.60404764837585
46,0,8.12019221484661
47,0,5.58042440388817
48,0,5.73956524021924
49,0,7.91605352424085
50,0,5.58235906646587
51,0,5.69320726208389
52,0,6.05612108483911
53,0,5.80661778803915
54,0,5.74160413816571
55,0,5.49377435527276
56,0,6.04248477611691
57,0,6.17591064656153
58,0,5.87691285181791
59,0,5.92253817012534
60,0,5.98990469006822
61,0,5.44610962970182
62,0,5.53600140847266
63,0,5.71923586539924
64,0,6.05753273703158
65,0,5.53689000662416
66,0,5.7637634454295
67,0,5.60535476142832
68,0,5.62803691718727
69,0,5.60556413984159
70,0,5.83201879635453
71,0,6.01243007986341
72,0,5.51436490786728
73,0,5.55868330411613
74,0,5.6053027510643
75,0,5.67240770033095
76,0,5.55863126646727
77,0,5.49157825298607
78,0,5.49346079060342
79,0,5.92651194892824
80,0,5.69535138492938
81,0,6.10148510895669
82,0,5.58225443819538
83,0,5.94757334329188
84,0,5.69535134127364
85,0,5.5373610011884
86,0,5.58079057373106
87,0,6.14951599709457
88,0,5.9494556626305
89,0,5.62625905149616
90,0,5.65040545006923
91,0,5.80829131649807
92,0,5.74238857370801
93,0,6.66853750590235
94,0,5.49163068353664
95,0,7.12217972613871
96,0,8.55115195736289
97,0,6.57828003750183
98,0,6.55721867224202
99,0,5.85705396952108
100,0,5.69576944690198
101,0,10.4110846295953
102,0,5.76418184209615
103,0,5.67737512756139
104,0,5.85564225912094
105,0,5.69587416248396
106,0,5.65469294087961
107,0,9.68525686766952
108,0,6.80463039316237
109,0,7.03145121224225
110,0,6.53798777057091
111,0,6.11068832222372
112,0,5.65411773277447
113,0,5.90581723372452
114,0,8.48310603760183
115,0,6.89535890705884
116,0,5.58601922239177
117,0,6.1742373436573
118,0,6.32830616086721
119,0,6.5324449678883
120,0,8.95943003706634
121,0,5.80959836952388
122,0,5.78670727554709
123,0,5.87931810878217
124,0,8.93674814142287
125,0,6.16953149437904
126,0,6.14684936590493
127,0,5.96539257094264
128,0,7.8480071388185
129,0,6.53756957035512
130,0,5.62761879700702
131,0,5.90179081336828
132,0,7.05413345713168
133,0,6.0381445728126
134,0,5.81289250112604
135,0,6.26967160496861
136,0,9.20355878770351
137,0,6.03343895636499
138,0,6.26925384858623
139,0,6.08706480124965
140,0,6.33526053570677
141,0,6.40273158205673
142,0,11.1142290988937
143,0,7.431217469275
144,0,8.55115219019353
145,0,6.03343872353435
146,0,5.67408079223242
147,0,5.97009868943132
148,0,6.33735192241147
149,0,12.2710168361664
150,0,6.54368719551712
151,0,6.63028506096452
152,0,5.7191313317162
153,0,6.37367041781545
154,0,5.4917874513194
155,0,7.34900054521859
156,0,5.79047191422433
157,0,6.05612073559314
158,0,5.87869039736688
159,0,6.33677694713697
160,0,8.12019244767725
161,0,5.83609752357006
162,0,8.66232521366328
163,0,6.51504436973482
164,0,5.99257159046829
165,0,7.55753181874752
166,0,5.74186567973811
167,0,5.81158525892533
168,0,5.73987874668092
169,0,5.99068898009136
170,0,6.60985102877021
171,0,5.65051008015871
172,0,6.10415202390868
173,0,5.97281742375344
174,0,5.72148425271735
175,0,5.95013541169465
176,0,7.35914485994726
177,0,6.15035292867105
178,0,5.85559022874804
179,0,5.62923945835792
180,0,5.71850387495942
181,0,5.853550741449
182,0,5.83060714416206
183,0,5.80902304500341
184,0,5.60545947519131
185,0,5.62652066582814
186,0,5.92279969714582
187,0,5.69498527329415
188,0,10.6430819723755
189,0,6.1031585210003
190,0,9.02747639338486
191,0,6.8787420168519
192,0,6.19576941244304
193,0,8.02946370095015
194,0,7.76459905318916
195,0,5.85470104124397
196,0,5.76392031507567
197,0,6.08147005550563
198,0,5.9221201663604
199,0,13.9962270623073
200,0,6.21489575132728
201,0,5.69561269367114
202,0,5.99267624784261
203,0,5.76444336911663
204,0,6.76972391374875
205,0,9.04222170356661
206,0,7.38637603353709
207,0,5.94506326888222
208,0,5.90095418738201
209,0,6.21766701806337
210,0,5.60483215667773
211,0,5.46900072367862
212,0,7.34900077804923
213,0,5.6955604813993
214,0,5.60477995895781
215,0,5.78639320156071
216,0,5.46894839499146
217,0,10.9882917604409
218,0,5.74113373295404
219,0,5.81205591151956
220,0,7.67800136236474
221,0,7.25044004502706
222,0,7.70460529383854
223,0,13.3143931161612
224,0,6.21489575132728
225,0,8.55115219019353
226,0,8.66456259973347
227,0,5.89943770319223
228,0,5.60446573217632
229,0,8.15657374914736
230,0,9.27212770329788
231,0,5.76334504876286
232,0,5.8768602903001
233,0,5.9222247073194
234,0,5.604309233604
235,0,7.14690121822059
236,0,5.9880749322474
237,0,8.66456236690283
238,0,6.01593358442187
239,0,6.57990068430081
240,0,6.03756963391788
241,0,8.14287457615137
242,0,6.03678548941389
243,0,10.2788087679073
244,0,30.3032863885164
245,0,6.15270594425965
246,0,5.92562332894886
247,0,6.79036657675169
248,0,7.29303335538134
249,0,6.50976318866014
250,0,6.39975146623328
251,0,6.75926636904478
252,0,10.4564484208822
253,0,6.26261270372197
254,0,6.98608707170933
255,0,9.07284044660628
256,0,6.05957198422402
257,0,5.62793255085126
258,0,6.12688635010272
259,0,5.87659902521409
260,1,16.9888939708471
261,0,5.85391660570167
