Index,Label,Amplitude
1,1,172.746881842613
2,1,48.2040596252773
3,1,9.2118724132888
4,0,9.02173575013876
5,1,281.484872102737
6,0,6.28284877166152
7,1,42.1255480032414
8,1,138.859823346138
9,1,22.0470032654703
10,1,15.4039810877293
11,1,163.832813501358
12,0,5.24280728131998
13,0,5.35595628753072
14,0,5.24212728851126
15,0,5.24202294764109
16,0,5.24270260939375
17,0,5.17408114683349
18,0,5.19665869069286
19,0,5.15113756591745
20,0,5.26496648672037
21,0,5.42384567961562
22,0,5.40142512181774
23,0,6.21489557670429
24,0,9.84403188340366
25,0,5.24249362206319
26,0,6.75926636904478
27,0,5.28947874772712
28,0,5.35830936860293
29,0,5.31142868567258
30,0,5.15113773872145
31,0,5.15160820214078
32,0,5.17376756761223
33,0,5.12856003479101
34,0,5.15166055993177
35,0,5.06014775601216
36,0,5.19671099391417
37,0,5.15113770961761
38,0,5.128089687787
39,0,5.1050937618129
40,0,5.17350609879941
41,0,5.24165673414245
42,0,5.30975533183664
43,0,5.19644956511911
44,0,5.15113782603294
45,0,5.37565781269222
46,0,5.0829344545491
47,0,5.17151923850179
48,0,5.62516110949218
49,0,6.80463039316237
50,0,6.12416747026145
51,0,5.83013644791208
52,0,7.89337139576674
53,0,7.66801449935883
54,0,5.76392054790631
55,0,5.2652278682217
56,0,7.39436503499746
57,0,7.09949759766459
58,0,10.9100909903646
59,0,15.559921041131
60,0,8.86870175600052
61,0,9.27697960287333
62,0,8.18823836743832
63,0,5.76188124250621
64,0,5.17282623331994
65,0,5.37811545655131
66,0,5.39834029041231
67,0,6.35098828934133
68,0,5.03751823998755
69,0,5.24238888465334
70,0,5.67052525002509
71,0,6.35098828934133
72,0,5.26224740315229
73,0,5.2168833790347
74,0,5.19420113414526
75,0,7.05413334071636
76,0,6.41903467476368
77,0,5.23956515826285
78,0,5.53537404630333
79,0,5.62516110949218
80,0,5.73857175186276
81,0,6.71390176285058
82,0,6.89535890705884
83,0,5.28492941521108
84,0,5.92002831399441
85,0,5.48906857147813
86,0,7.7799609862268
87,0,6.03343895636499
88,0,6.71390211209655
89,0,5.67277395020938
90,0,5.21923607448116
91,0,5.82930003292859
92,0,5.55910172988661
93,0,7.0768155856058
94,0,5.19634522788692
95,0,7.00876931659877
96,0,5.2191840368323
97,0,7.4170472798869
98,0,6.32830616086721
99,0,5.72101364377886
100,0,5.2208048873581
101,0,5.15129446284845
102,0,7.09949783049524
103,0,5.63201092882082
104,0,5.28686423785985
105,0,5.42635552119464
106,0,5.15082398487721
107,0,5.08309149881825
108,0,5.28691656654701
109,0,5.26569865178317
110,0,5.28827600646764
111,0,5.51499234279618
112,0,5.24228427093476
113,0,5.19420130876824
114,0,5.99131663329899
115,0,5.8552238624543
116,0,6.69801735784858
117,0,5.42212021537125
118,0,5.6478432379663
119,0,5.15092856949195
120,0,5.46947144903243
121,0,5.62516087666154
122,0,6.53244508430362
123,0,5.24207524722442
124,0,6.01995986653492
125,0,6.15380378440022
126,0,6.74599583726376
127,0,6.58303801901639
128,0,9.36770811676979
129,0,5.97130123060197
130,0,5.6547453859821
131,0,5.58277731761336
132,0,6.28294190391898
133,0,5.76423411257565
134,0,7.25827226415277
135,0,5.60624361969531
136,0,5.40220935363322
137,0,5.69686759263277
138,0,5.45060646254569
139,0,5.62871678266674
140,0,5.49152604071423
141,0,6.74651901499601
142,0,6.08711689710617
143,0,5.42703534301836
144,0,6.05612120125443
145,0,5.60247915564105
146,0,5.51771151367575
147,0,5.74536924250424
148,0,5.76580286724493
149,0,8.12019244767725
150,0,6.74583902582526
151,0,7.29277171194553
152,0,6.58377027139068
153,0,7.10911853821017
154,0,7.06741493195295
155,0,6.10885792411864
156,0,6.73658400774002
157,0,6.10148534178734
158,0,5.94271044246852
159,0,5.78393577598035
160,0,5.26674435241148
161,0,6.82731252163649
162,0,5.96539280377328
163,0,7.1675437502563
164,0,5.55711484048516
165,0,6.5324449678883
166,0,5.73857146082446
167,0,11.4632454933599
168,0,7.75727862492204
169,0,12.4978376552463
170,0,5.29083819128573
171,0,5.44851465019747
172,0,8.08523339219391
173,0,7.21928739221767
174,0,5.92002831399441
175,0,5.73857163544744
176,0,6.16953149437904
177,0,5.80991210881621
178,0,5.42813343781745
179,0,5.33029378857464
180,0,7.22367933485657
181,0,5.76747604645789
182,0,5.60969485377427
183,0,9.04656178317964
184,0,6.15803903201595
185,0,6.75926636904478
186,0,6.31508824881166
187,0,5.60535490512848
188,0,5.17303548986092
189,0,6.44171657040715
190,0,5.48906857147813
191,0,6.92232884466648
192,0,5.39834005758166
193,0,5.55711472406983
194,0,5.24134318402503
195,0,6.32830616086721
196,0,5.08256847388111
197,0,5.40064089000225
198,0,5.4437043145299
199,0,5.49110784049844
200,0,5.12939679902047
201,0,5.12819405412301
202,0,5.42353204218671
203,0,5.26501867716433
204,0,5.67439454607666
205,0,5.2867075719405
206,0,5.08277758490294
207,0,5.87466405704618
208,0,11.2503217533231
209,0,6.07880298048258
210,0,6.23757787980139
211,0,9.48111829347908
212,0,6.32830616086721
213,0,6.41903467476368
214,0,8.39237729087472
215,0,7.7119143679738
216,0,11.1369118094444
217,0,7.50777567736804
218,0,5.85198192857206
219,0,14.8340938612819
220,0,5.47109241597354
221,0,9.48111829347908
222,0,6.84999441727996
223,0,7.73459661286324
224,0,7.57582182995975
225,0,8.7480335496366
226,0,8.77797324210405
227,0,8.73260875232518
228,0,7.19022587873042
229,0,7.39436515141279
230,0,7.05413357354701
231,0,7.25827249698341
232,0,13.0195256788284
233,0,13.1329365540296
234,0,5.98807469941676
235,0,8.25628475286067
236,0,7.6438682153821
237,0,41.3494704989716
238,0,13.3143928833306
239,0,9.09552257508039
240,0,7.59850372560322
241,0,8.21092072874308
242,0,7.53045780584216
243,0,7.93873565271497
244,0,6.44171657040715
245,0,12.6792946830392
246,0,5.80661790445447
247,0,8.16555647179484
248,0,8.48310580477118
249,0,6.89535890705884
250,0,7.32631864957511
251,0,6.40701944939792
252,0,6.46439893171191
253,0,8.32433090545237
254,0,7.25827249698341
255,0,10.1615814492106
256,0,7.89337093010545
257,0,7.48509354889393
258,0,6.80463062599301
259,0,8.64188047125936
260,0,25.6080920808017
261,0,7.75727885775268
262,0,7.93873541988432
263,0,7.5077754445374
264,0,8.09751031920314
265,0,8.82333726622164
266,0,8.95943026989698
267,0,7.25827226415277
268,0,7.5077754445374
269,0,7.28095462545753
270,0,14.607273042202
271,0,8.77317413687706
272,0,6.31791213527322
273,0,7.11110571864992
274,0,6.06422562850639
275,0,8.65741039160639
276,0,11.1674480140209
277,0,11.1197831429308
278,0,7.06689187791198
279,0,6.54358279825829
280,0,6.01828621438472
281,0,6.83886808110401
282,0,7.04405292344745
283,0,6.83939119335264
284,0,5.83672479660891
285,0,7.22744443191914
286,0,7.50051834620535
287,0,12.3437799047679
288,0,8.31398891750723
289,0,5.10681932792068
290,0,5.24322563433088
291,0,5.99466299172491
292,0,5.4703080386389
293,0,5.12882162001915
294,0,5.58800614817301
295,0,5.10802188364323
296,0,5.03715200466104
297,0,4.969471716322
298,0,5.31451371352887
299,0,7.48901488259435
300,0,9.66257508844137
301,0,5.73857175186276
302,0,6.58612308325246
303,0,5.8127879165113
304,0,5.80912770237774
305,0,5.2421274012886
306,0,11.2049584276974
307,0,8.36969539523125
308,0,13.2863365579396
309,0,11.486828152556
310,0,6.68255129130557
311,0,7.38804938737303
312,0,6.27134524984285
313,0,8.47464642720297
314,0,7.04609240347054
315,0,6.31252635503188
316,0,6.4491939265281
317,0,7.98013707390055
318,0,7.22723522630986
319,0,7.68343941308558
320,0,6.35935450554825
321,0,6.11016526818275
322,0,9.25582530908287
323,0,7.0149393286556
324,0,6.72477809712291
325,0,10.6225027702749
326,0,5.99325133953243
327,0,12.1012311428785
328,0,12.8789583686739
329,0,7.45316751999781
330,0,5.76784213626524
331,0,6.84017565436079
332,0,11.1275741637655
333,0,6.63336959405569
334,0,7.03145121224225
335,0,10.3884019190446
336,0,9.41307242828771
337,0,7.71191460080445
338,0,5.2649142453447
339,0,5.69681543856859
340,0,5.83311694208533
341,0,7.87068903446198
342,0,5.12788048945367
343,0,6.70026551233605
344,0,5.97103987820446
345,0,5.19739063747693
346,0,5.6302331504412
347,0,5.35757729085162
348,0,5.01499293022789
349,0,5.33562726923265
350,0,5.58434589765966
351,0,6.71390211209655
352,0,9.29966103285551
353,0,6.10148534178734
354,0,5.03699519322254
355,0,6.30698387976736
356,0,4.99074222170748
357,0,5.10514620691538
358,0,5.26669194368878
359,0,5.1969200867461
360,0,5.01692759280559
361,0,5.10650554497261
362,0,5.49450657854322
363,0,5.83316944539547
364,0,7.31393753085285
365,0,5.88245534163434
366,0,7.40398594643921
367,0,11.7239905521274
368,0,5.21688302978873
369,0,8.84341599885374
370,0,9.36770811676979
371,0,6.84999441727996
372,0,6.03830185718834
373,0,5.53924316773191
374,0,8.81299522006884
375,0,5.37942268420011
376,0,6.26988081785385
377,0,5.44851466838736
378,0,5.26287491084076
379,0,5.15422266107635
380,0,5.74448017869145
381,0,6.4417168032378
382,0,16.762072686106
383,0,6.66853785514832
384,0,8.57383408583701
385,0,6.54515158385038
386,0,6.46439893171191
387,0,14.5176541991532
388,0,15.6960135791451
389,0,8.75529088079929
390,0,6.60049146972597
391,0,5.98807469941676
392,0,7.4397292919457
393,0,6.64585549384356
394,0,6.57780910842121
395,0,9.43575392011553
396,0,6.38250703923404
397,0,5.44903753325343
398,0,5.60776045313105
399,0,5.40152975736419
400,0,6.63457228802145
401,0,5.72253030259162
402,0,5.83447681856342
403,0,5.26444359275047
404,0,9.63989342562854
405,0,7.70627846941352
406,0,12.2029706835747
407,0,5.60247898101807
408,0,11.4998256904073
409,0,5.65333344275132
410,0,8.68724432075396
411,0,7.25488446187228
412,0,5.1050937618129
413,0,5.69493294460699
414,0,5.39990863762796
415,0,5.24217972997576
416,0,5.21975930314511
417,0,5.44773042201996
418,0,5.46816429414321
419,0,4.87795894150622
420,0,5.33254243782721
421,0,5.37565816193819
422,0,5.42102195322514
423,0,4.97004696080694
424,0,5.12615498155355
425,0,8.46042390912771
426,0,5.26538475241978
427,0,5.10655777907232
428,0,5.03762246808037
429,0,5.28916492476128
430,0,5.03720408596564
431,0,5.35297603346407
432,0,5.03725669841515
433,0,4.9924152699532
434,0,28.5567659884691
435,0,5.19540358800441
436,0,5.241500257398
437,0,5.03741354623344
438,0,5.24207508715335
439,0,6.82731228880584
440,0,7.1710996562615
441,0,5.44710317626595
442,0,7.9160537570715
443,0,4.94689412880689
444,0,5.67052525002509
445,0,6.19221362285316
446,0,5.1504058210412
447,0,5.85768160817679
448,0,5.29089059273247
449,0,5.01582941797096
450,0,8.75529088079929
451,0,7.62118608690798
452,0,5.37858602183405
453,0,6.65505859069526
454,0,5.3374573471956
455,0,5.01514962525107
456,0,5.92698279069737
457,0,5.7239941379521
458,0,11.7329841013998
459,0,5.40335966798011
460,0,5.24144775408786
461,0,5.28989714803174
462,0,5.03856383875245
463,0,4.92395053151995
464,0,5.19780923059443
465,0,4.99288588616764
466,0,5.05972960672807
467,0,5.03725657472387
468,0,5.76125376392156
469,0,10.1842632284388
470,0,5.87466405704618
471,0,6.75926636904478
472,0,4.99152636621147
473,0,10.8193624764681
474,0,6.10148499254137
475,0,4.96978534647496
476,1,7.14486185461283
477,0,5.51175069995224
478,0,6.67977979173884
479,0,6.55826453294139
480,0,5.3582047985401
481,1,9.9574422929436
482,0,5.17324481916148
483,0,5.19749542763748
484,0,5.12725309818052
485,0,5.08283013186883
486,0,5.03694271901622
487,0,5.60493639204651
488,0,5.3120038646739
489,0,5.1531247136154
490,0,5.74510785372695
491,0,9.15411580353975
492,0,5.2421796717681
493,0,8.53495381306857
494,0,5.60723728267476
495,0,5.95139057259075
496,0,5.40064089000225
497,0,5.12991957657505
498,0,5.97360183019191
499,0,6.74688490107656
500,0,5.06051376578398
501,0,5.31163798586931
502,0,5.49539556595846
503,0,6.42013296601363
504,0,5.8346334262751
505,0,5.05993879050948
506,0,11.1309095518664
507,0,8.63132905215025
