Index,Label,Amplitude
1,1,36.156116053462
2,1,33.7056024000049
3,1,18.5539578087628
4,0,9.98012442141771
5,0,5.53720392053947
6,0,6.39635266270489
7,0,6.07880298048258
8,0,5.78681159822736
9,0,6.08330010436475
10,0,5.90043151169084
11,0,8.91406554728746
12,0,7.91605305857956
13,0,5.62788010574877
14,0,5.67261698597576
15,0,5.73919911403209
16,0,6.35098852217197
17,0,5.53699494048487
18,0,5.74045418761671
19,0,6.37544825440273
20,0,5.83071159780957
21,0,5.46811189269647
22,0,6.51849526911974
23,0,5.58241122780601
24,0,10.9131349017844
25,0,5.76303171692416
26,0,5.7631881791167
27,1,14.1930459067225
28,0,7.98927620053291
29,0,7.06103560514748
30,0,5.60525030596182
31,0,5.6280893040821
32,0,7.01028556795791
33,0,7.19022611156106
34,0,6.67136145057157
35,0,6.39635266270489
36,0,5.8530803071335
37,0,5.62662532320246
38,0,7.55418563494459
39,0,5.6729827192612
40,0,5.35543335718103
41,0,6.17167539894581
42,0,7.67742635616742
43,0,6.86202081851661
44,0,6.39635266270489
45,0,5.46889618271962
46,0,5.69519418058917
47,0,6.21677795425057
48,0,5.83144393749535
49,0,5.67188503919169
50,0,5.44569117482752
51,0,5.46879169996828
52,0,5.76329310570145
53,0,8.18902274477296
54,0,5.69582189200446
55,0,6.37414111406542
56,0,5.8762853150256
57,0,5.74045405664947
58,0,5.83092082524672
59,0,5.60525024775416
60,0,5.58194090262987
61,0,5.74081992090214
62,0,5.83107763668522
63,0,5.85271394811571
64,0,6.51018127973657
65,0,6.23893726151437
66,0,5.46868718811311
67,0,5.67350602796068
68,0,6.01300527341664
69,0,5.58230676688254
70,0,5.37754030665383
71,0,5.49042805505451
72,0,5.71766751818359
73,0,5.69508981425315
74,0,5.49105566460639
75,0,6.08094688504934
76,0,5.69576944690198
77,0,5.49168296856806
78,0,7.16916477540508
79,0,5.83081628428772
80,0,6.5097629558295
81,0,6.080528779421
82,0,6.48708082735538
83,0,6.51107006706297
84,0,6.1922138556838
85,0,10.8193624764681
86,0,9.93476063013077
87,0,6.71766669256613
88,0,9.20893345028162
89,0,6.15024822764099
90,0,7.80264264903963
91,0,5.74071559822187
92,0,5.92217246594373
93,0,5.83337858552113
94,0,6.66853762231767
95,0,5.87649433873594
96,0,5.92541415244341
97,0,7.25827226415277
98,0,5.5363152641803
99,0,6.03343872353435
100,0,7.57739058462903
101,0,5.51368511514738
102,0,5.53641968872398
103,0,5.78665477223694
104,0,6.03500753641129
105,0,5.71824244980235
106,0,5.83060726057738
107,0,5.46853017294779
108,0,5.71724900510162
109,0,5.69488079054281
110,0,6.48859731154516
111,0,7.48739403206855
112,0,9.844031825196
113,0,10.2749917423353
114,0,6.19482807815075
115,0,5.71761507308111
116,0,6.73658400774002
117,0,7.77996075339615
118,0,12.2936990810558
119,0,6.69121998362243
120,0,7.03145132865757
121,0,6.51154102524742
122,0,9.34502564632567
123,0,6.89535867422819
124,0,7.37168290652335
125,0,6.62317359820008
126,0,10.7739977538586
127,0,8.50578781682998
128,0,8.21092049591243
129,0,10.0935352966189
130,0,10.0254890567157
131,0,6.91992335487157
132,0,7.53045780584216
133,0,8.02946405019611
134,0,9.98012477066368
135,0,6.96340494323522
136,0,8.43774154782295
137,0,6.96340529248118
138,0,8.89138362254016
139,0,9.54916444607079
140,0,10.048171156086
141,0,10.6832697056234
142,0,10.0935354130343
143,0,8.57383420225233
144,0,7.93873553629965
145,0,12.1576060482766
146,0,10.0028065498918
147,0,7.07681546919048
148,0,6.96340529248118
149,0,9.14088683202863
150,0,7.39436503499746
151,0,7.53045757301152
152,0,8.68724461179227
153,0,11.3864144077525
154,0,9.32234362699091
155,0,8.14287434332073
156,0,8.18823836743832
157,0,5.96764111105585
158,0,7.3263188241981
159,0,6.98833563365042
160,0,6.89771177712828
161,0,7.16858956729993
162,0,7.2356423970632
163,0,7.62238842435181
164,0,6.53396133566275
165,0,6.73851883038878
166,0,6.82731252163649
167,0,6.37518666917458
168,0,6.78194838110358
169,0,6.71390199568123
170,0,5.94469753559679
171,0,6.39839190989733
172,0,13.7588960133144
173,0,5.80928463023156
174,0,7.21290824003518
175,0,6.35219097603112
176,0,7.55465618567541
177,0,9.52648278325796
178,0,8.09751008637249
179,0,5.67110048723407
180,0,6.28377855173312
181,0,5.83024107618257
182,0,7.5077754445374
183,0,7.46241130400449
184,0,8.39237711625174
185,0,7.00876908376813
186,0,5.7631361996755
187,0,6.21724862139672
188,0,5.92185865389183
189,0,7.16911273775622
190,0,9.18740167981014
191,0,10.1842631120235
192,0,11.499825050123
193,0,7.98409967683256
194,0,8.98211169987917
195,0,7.89337104652077
196,0,8.52846990892431
197,0,7.37168290652335
198,0,6.3736701849848
199,0,10.3203557664528
200,0,10.9100904082879
201,0,12.4978376552463
202,0,10.2749915095046
203,0,7.57691988837905
204,0,10.5018132016994
205,0,8.69001622777432
206,0,12.7754609566182
207,0,7.94202962424606
208,0,8.96047611604445
209,0,7.32846243772656
210,0,10.1410429924726
211,0,8.91573919216171
212,0,9.07419994473457
213,0,8.75717343296856
214,0,11.5694401902147
215,0,7.25910914479755
216,0,7.91861559264362
217,0,8.75727811944671
218,0,10.3209834633162
219,0,6.76188035868108
220,0,16.2403837312013
221,0,16.4898873772472
222,0,9.1635687276721
223,0,11.9307851418853
224,0,11.8627388801542
225,0,11.2503219861537
226,0,8.46042390912771
227,0,10.4110847460106
228,0,10.6379056232981
229,0,14.3124067690223
230,0,12.452473922167
231,0,7.73459649644792
232,0,12.7927046269178
233,0,9.93476063013077
234,0,9.41307231551036
235,0,7.75727862492204
236,0,6.39635254628956
237,0,14.3124051392078
238,0,9.34774480992928
239,0,6.5572711173445
240,0,9.11820470355451
241,0,7.6438682153821
242,0,7.98409945855383
243,0,16.3537940825336
244,0,7.77996057877317
245,0,7.71217567671556
246,0,6.16953149437904
247,0,6.21583691099659
248,0,10.8647265005857
249,0,6.28451065858826
250,0,15.0835965760052
251,0,8.32616124534979
252,0,11.6132358089089
253,0,7.9625680227764
254,0,8.50944838020951
255,0,6.51070434832945
256,0,6.89619532204233
257,0,7.59850395843387
258,0,7.98409944400191
259,0,8.89138365164399
260,0,6.75999827217311
261,0,7.87068926729262
262,0,8.00819357391447
263,0,8.36969539523125
264,0,7.34926231962163
265,0,8.73365468578413
266,0,8.16555600613356
267,0,7.07807042635977
268,0,8.25628452003002
269,0,6.71484327176586
270,0,6.71489530941471
271,0,7.32631888240576
272,0,6.23977399664
273,0,6.46607222734019
274,0,6.74008741043508
275,0,7.51154008321464
276,0,10.9858235809952
277,0,7.85224244464189
278,0,7.64752842951566
279,0,7.5090826721862
280,0,11.1142294481397
281,0,17.2403315082192
282,0,14.5165449939668
283,0,7.16947880573571
284,0,10.4564481880516
285,0,8.36969536612742
286,0,10.0481709232554
287,0,9.41307190805674
288,0,6.41903467476368
289,0,7.94067024253309
290,0,7.48509349068627
291,0,10.6379056232981
292,0,8.28006505616941
293,0,8.84748355019838
294,0,6.62448082584888
295,0,7.69012115779333
296,0,8.46042393823154
297,0,12.8607517108321
298,0,15.9908809000626
299,0,6.33029302116483
300,0,5.92201552353799
301,0,6.55763689428568
302,0,5.69535134491161
303,0,5.80897077452391
304,0,6.21709186816588
305,0,6.69268378987908
306,0,5.92232902999967
307,0,6.40001287683845
308,0,6.55847368761897
309,0,5.78639340528753
310,0,7.23945954814553
311,0,5.92222443083301
312,0,5.94600453041494
313,0,5.87727874517441
314,0,6.67313928715885
315,0,8.34701326675713
316,0,7.303636521101
317,0,6.80463016033173
318,0,5.85867487825453
319,0,7.21290847286582
320,0,11.2956867087632
321,0,6.51190680218861
322,0,6.87534350436181
323,0,7.92044552508742
324,0,6.8300839047879
325,0,6.60321046598256
326,0,6.51091343024746
327,0,6.53401360614225
328,0,7.30442089843564
329,0,6.10305374721065
330,0,6.82731252163649
331,0,6.49095035623759
332,0,7.99100194126368
333,0,6.51216809637845
334,0,6.35632174089551
335,0,6.65275775827467
336,0,6.89786858856678
337,0,6.60493597388268
338,0,6.7660113927559
339,0,8.7326088687405
340,0,6.87267677858472
341,0,7.48509343247861
342,0,6.55680062482134
343,0,7.303636521101
344,0,6.80463027674705
345,0,9.07284021377563
346,0,14.0855847857893
347,0,11.5678713191301
348,0,7.37168279010803
349,0,9.48111829347908
350,0,5.89943793602288
351,0,5.62699116198928
352,0,7.1675437502563
353,0,6.60854403395206
354,0,7.55962344555883
355,0,7.4170472798869
356,0,6.62751338677481
357,0,6.62871601525694
358,0,6.15218289749464
359,0,7.19022599514574
360,0,6.28916441201
361,0,6.03558262810111
362,0,7.57582159712911
363,0,7.25827238056809
364,0,6.22012437088415
365,0,5.82930014934391
366,0,7.77996086981148
367,0,5.40074527089018
368,0,5.87884754349943
369,0,5.51562006876338
370,0,6.05612108483911
371,0,9.29966114927083
372,0,14.6072735078633
373,0,7.98409967683256
374,0,7.05413357354701
375,0,5.76156744500622
376,0,6.30578104755841
377,0,5.74045395478606
378,0,5.9213878121227
379,0,10.7739985105582
380,0,6.91804103553295
381,0,9.88939590752125
382,0,17.3971713520586
383,0,11.1822756007314
384,0,8.93674790859222
385,0,7.67183164134622
386,0,11.6359181702137
387,0,6.57780934125185
388,0,7.91605334961787
389,0,9.20893345028162
390,0,8.75529123004526
391,0,8.08037060778588
392,0,9.02747607324272
393,0,7.05413334071636
394,0,7.7572786831297
395,0,6.2852427654434
396,0,5.58235903736204
397,0,5.82929980009794
398,0,11.5451896563172
399,0,9.52648278325796
400,0,8.25628452003002
401,0,5.96539257094264
402,0,5.67052513360977
403,0,5.853968905285
404,0,5.42222481453791
405,0,6.10347237670794
406,0,6.89535867422819
407,0,5.6725122849457
408,0,6.10477931331843
409,0,6.21489575132728
410,0,15.128961764276
411,0,8.89138411730528
412,0,15.6960133463144
413,0,10.6849018484354
414,0,12.8309275023639
415,0,12.2256525792181
416,0,13.2236648350954
417,0,15.0155508890748
418,0,12.4751552939415
419,0,9.8440321162343
420,0,11.7720104753971
421,0,11.9307851418853
422,0,10.0481705740094
423,0,10.6152230873704
424,0,11.3637326285243
425,0,9.66257508844137
426,0,9.39038954675198
