Index,Label,Amplitude
1,1,462.850958108902
2,0,8.98211216554046
3,0,7.93873518705368
4,0,8.39237775653601
5,1,192.735102958977
6,1,22.0016380771995
7,1,109.804049134254
8,1,13.85876419954
9,1,29.9403741955757
10,0,5.60389063321054
11,1,397.14090526104
12,1,134.429026395082
13,1,322.358012199402
14,0,14.4938623998314
15,1,63.5823560878634
16,1,473.919808864594
17,0,5.35501504782587
18,0,5.35569479689002
19,0,10.4768932797015
20,0,7.29449721984565
21,0,6.08753529377282
22,0,6.03626255178824
23,0,5.28702107840218
24,0,5.40043169166893
25,0,5.58152241865173
26,0,5.21887021022849
27,0,5.44569129124284
28,0,5.8556945878081
29,0,5.58162684319541
30,0,5.44652790631517
31,0,5.94271067529917
32,0,5.87895208445843
33,0,5.58157483465038
34,0,5.71834703441709
35,1,6.82731228880584
36,0,5.74066338595003
37,0,5.65197406103835
38,0,10.9781369101256
39,0,7.03145144507289
40,0,5.24254595802631
41,0,5.30996464658529
42,0,5.40017019193328
43,0,5.37853385321796
44,0,5.3333264804678
45,0,7.25827238056809
46,0,5.78994902025443
47,0,5.7186085396097
48,0,5.53600129205734
49,0,6.31189877458382
50,0,9.32234374340624
51,0,8.31398901937064
52,0,7.64386833179742
53,0,5.33175800228491
54,0,6.83175702579319
55,0,5.8322282275185
56,0,6.77181531500537
57,0,5.24129075347446
58,0,6.19493273552507
59,0,5.74134290218353
60,0,6.24719867482781
61,0,5.42363650311017
62,0,6.01499209005851
63,0,6.3758666801732
64,1,13.3370757102966
65,0,5.89949030836578
66,0,5.42300900269765
67,0,5.42311390745454
68,0,5.96936670262949
69,0,6.20057992637157
70,0,7.40607804618776
71,0,5.53992297500372
72,0,5.42316590144765
73,0,5.45044936006889
74,0,5.42337517254055
75,0,5.8088665100513
76,0,5.56067039724439
77,0,5.26465292023204
78,0,5.06061822306947
79,0,7.8026427217992
80,0,6.96340529248118
81,0,5.56203001178801
82,0,5.53605370805599
83,0,5.92447305098176
84,0,6.40257494524121
85,0,5.94271055888385
86,0,6.23757764697075
87,0,8.12019221484661
88,0,5.49288530601189
89,0,5.8519821614027
90,0,7.66655011102557
91,0,6.73658400774002
92,0,7.03145144507289
93,0,6.94072310579941
94,0,6.12709554843605
95,0,5.3553288889816
96,0,5.69786108098924
97,0,5.3320194438129
98,0,5.21839945577085
99,0,6.48708082735538
100,0,7.34900077804923
101,0,5.92238147510216
102,0,5.42316614883021
103,0,5.46894872240955
104,0,5.55931066628546
105,0,6.03343872353435
106,0,5.40215702494606
107,0,5.64962107455358
108,0,5.53856365149841
109,0,5.51399886899162
110,0,5.4437043145299
111,0,5.44527304009534
112,0,5.37748834176455
113,0,5.8314960624557
114,0,5.715889390558
115,0,5.28696866240352
116,0,5.58141782312305
117,0,5.55941570200957
118,0,5.56056574714603
119,0,5.5344327702187
120,0,5.26480967528187
121,0,5.46889618271962
122,0,5.44610945507884
123,0,5.42306130228098
124,0,5.69540334981866
125,0,6.48708082735538
126,0,5.6478432379663
127,0,5.24113379651681
128,0,5.51373777852859
129,0,6.44171657040715
130,0,5.46811209642328
131,0,5.128403310664
132,0,7.25827214773744
133,0,10.42092544958
134,0,6.24641450121999
135,0,5.85721104289405
136,0,6.40707183629274
137,0,6.10148534178734
138,0,8.55115219019353
139,0,5.48938213614747
140,0,5.55711495690048
141,0,5.42353222408565
142,0,5.51776372594759
143,0,5.98807481583208
144,0,5.55711472406983
145,0,6.05612120125443
146,0,13.9721748419106
147,0,5.40090242066071
148,0,5.24275505449623
149,0,5.42279990622774
150,0,6.37539575109258
151,0,5.35297603346407
152,0,6.53244508430362
153,0,6.03343883994967
154,0,5.21876543643884
155,0,5.17392420078977
156,0,5.40126828127541
157,0,8.22733913082629
158,0,6.76993312663399
159,0,6.99858443113044
160,0,6.22472597751766
161,0,5.53809315169929
162,0,6.01797283161432
163,0,5.58507813548204
164,0,6.81697041727602
165,0,5.49262418644503
166,0,6.01896602893248
167,0,7.86332762800157
168,0,8.93424917012453
169,0,5.72441256372258
170,0,5.40084991371259
171,0,5.17366289568599
172,0,5.9427103260532
173,0,5.67052525002509
174,0,5.35297603346407
175,1,13.9609436737373
176,1,99.1888307034969
177,0,5.69320749491453
178,0,6.01645620190538
179,0,5.2639208297478
180,0,5.42290468365536
181,0,5.60420445981435
182,1,7.59850395843387
183,0,5.49053272698075
184,0,6.05612096842378
185,0,5.3770696704305
186,0,6.39635242987424
187,0,5.24150003911927
188,0,5.62751421239227
189,0,5.44553459621966
190,0,7.39792047534138
191,0,5.65118980011903
192,0,5.51358066149987
193,0,6.67381915263832
194,0,5.99105540459277
195,0,5.3309213835746
196,0,5.58324776648078
197,0,9.32234362699091
198,0,5.67355785460677
199,0,7.3556414572522
200,0,5.8125265641138
201,0,5.30975533183664
202,0,7.37168290652335
203,0,8.57383385300636
204,0,6.33562667644583
205,0,5.42316609062254
206,0,5.37748826900497
207,0,5.40001319313888
208,0,5.62824594089761
209,0,5.30996456654975
210,0,5.69493271177635
211,0,5.3091804147698
212,0,5.51426038146019
213,0,5.60430916812038
214,0,6.23757787980139
215,0,5.783936008811
216,0,5.92285225866362
217,0,5.81116694957018
218,0,5.46894864237402
219,0,5.72012481279671
220,0,5.5133716086857
221,0,5.31022599898279
222,0,5.44506387086585
223,0,5.42269536526874
224,0,6.1922138556838
225,0,5.21923605265329
226,0,5.6942006922327
227,1,6.62437619757839
228,0,5.783936008811
229,0,5.67376708931988
230,0,5.42264309478924
231,0,5.1977569819428
232,0,5.26548918423941
233,0,5.40006579831243
234,0,5.15014429402072
235,0,5.44516830996145
236,0,5.3991767053958
237,0,5.40032688877545
238,0,7.25827226415277
239,0,5.83165290299803
240,0,5.26470504701138
241,0,5.35496266093105
242,0,5.81446150317788
243,0,6.37957919389009
244,0,5.584136757534
245,0,5.40247111348435
246,0,6.48708082735538
247,0,6.80463016033173
248,0,7.7119143679738
249,0,6.87267677858472
250,0,6.28294190391898
251,0,5.92138778483786
252,0,5.58131329307798
253,0,8.26057232916355
254,0,6.6240624000784
255,0,6.14988214510959
256,0,5.3323331521824
257,0,6.32830627728254
258,0,5.69571706000715
259,0,6.05889211874455
260,0,7.78064067708328
261,0,5.40053637814708
262,0,6.51222059968859
263,0,6.1266771517694
264,1,27.2505627945065
