Index,Label,Amplitude
1,0,7.25827226415277
2,1,535.29760800302
3,1,83.5821330547333
4,1,180.730988271534
5,1,488.262265920639
6,1,43.6857270542532
7,0,7.39436503499746
8,1,22.546008694917
9,1,58.4813505411148
10,1,702.510058879852
11,1,319.159835577011
12,1,12.0215136557817
13,1,468.66849437356
14,1,16.8768018484116
15,1,103.815980255604
16,1,22.6140543818474
17,0,7.7119143679738
18,1,61.8540905416012
19,0,238.570347428322
20,0,8.55115242302418
21,0,9.18625108897686
22,0,6.37367041781545
23,0,6.30562426522374
24,0,6.60049123689532
25,0,6.53244508430362
26,0,6.71390211209655
27,0,6.62317359820008
28,0,6.71390211209655
29,0,6.53244508430362
30,0,6.39635231345892
31,0,6.69121975079179
32,0,5.8519821614027
33,0,6.03343872353435
34,0,5.67052513360977
35,0,5.73857175186276
36,0,5.82929980009794
37,0,6.91804103553295
38,0,6.39635231345892
39,0,6.64585549384356
40,0,6.82731252163649
41,0,6.28294190391898
42,0,6.37367041781545
43,0,6.26026000827551
44,0,6.28294190391898
45,0,6.26026000827551
46,0,6.44171657040715
47,0,6.01075682789087
48,0,6.07880298048258
49,0,6.16953149437904
50,0,6.03343872353435
51,0,6.12416723743081
52,0,6.03343872353435
53,0,6.37367041781545
54,0,6.28294190391898
55,0,6.28294190391898
56,0,5.87466405704618
57,0,6.1922138556838
58,0,6.71390211209655
59,0,6.48708082735538
60,0,6.32830616086721
61,0,6.66853785514832
62,0,6.55512744560838
63,0,6.28294190391898
64,0,6.50976318866014
65,0,6.44171657040715
66,0,6.05612108483911
67,0,6.30562426522374
68,0,6.55512744560838
69,0,6.44171657040715
70,0,6.48708082735538
71,0,6.39635231345892
72,0,6.32830616086721
73,0,6.41903467476368
74,0,6.41903467476368
75,0,6.69121975079179
76,0,6.41903467476368
77,0,6.64585549384356
78,0,6.53244508430362
79,0,6.53244508430362
80,0,6.46439893171191
81,0,6.39635231345892
82,0,6.62317359820008
83,0,6.73658400774002
84,0,6.55512744560838
85,0,6.71390211209655
86,0,6.10148534178734
87,0,5.9880749322474
88,0,6.07880298048258
89,0,6.05612108483911
90,0,6.14684959873557
91,0,5.89734641835093
92,0,6.05612108483911
93,0,6.28294190391898
94,0,6.21489575132728
95,0,5.87466405704618
96,0,6.07880298048258
97,0,5.82929980009794
98,0,5.87466405704618
99,0,6.71390211209655
100,0,11.4317785482854
101,0,6.78194826468825
102,0,6.48708082735538
103,0,6.80463016033173
104,0,6.94072293117642
105,0,7.03145144507289
106,0,6.60049123689532
107,0,7.4397292919457
108,0,6.87267677858472
109,0,6.80463016033173
110,0,5.783936008811
111,0,5.76125364750624
112,0,6.03343872353435
113,0,5.9880749322474
114,0,5.783936008811
115,0,6.75926636904478
116,0,6.32830616086721
117,0,5.82929980009794
118,0,5.783936008811
119,0,5.783936008811
120,0,6.07880298048258
121,0,5.8519821614027
122,0,5.92002831399441
123,0,5.96539257094264
124,0,5.89734641835093
125,0,6.12416723743081
126,0,6.28294190391898
127,0,6.26026000827551
128,0,5.9880749322474
129,0,5.80661790445447
130,0,6.37367041781545
131,0,5.89734641835093
132,0,5.715889390558
133,0,5.92002831399441
134,0,6.07880298048258
135,0,6.71390211209655
136,0,5.80661790445447
137,0,6.10148534178734
138,0,6.05612108483911
139,0,5.8519821614027
140,0,5.89734641835093
141,0,5.92002831399441
142,0,5.94271067529917
143,0,5.94271067529917
144,0,5.76125364750624
145,0,6.12416723743081
146,0,5.76125364750624
147,0,5.82929980009794
148,0,5.783936008811
149,0,5.80661790445447
150,0,5.94271067529917
151,0,5.69320749491453
152,0,5.8519821614027
153,0,6.03343872353435
154,0,6.16953149437904
155,0,5.89734641835093
156,0,6.16953149437904
157,0,6.28294190391898
158,0,5.715889390558
159,0,6.05612108483911
160,0,5.73857175186276
161,0,5.82929980009794
162,0,5.783936008811
163,0,5.8519821614027
164,0,5.96539257094264
165,0,5.87466405704618
166,0,5.82929980009794
167,0,5.783936008811
168,0,5.87466405704618
169,0,5.715889390558
170,0,5.89734641835093
171,0,5.715889390558
172,0,5.715889390558
173,0,5.76125364750624
174,0,5.87466405704618
175,0,5.8519821614027
176,0,6.03343872353435
177,0,5.94271067529917
178,0,5.715889390558
179,0,5.89734641835093
180,0,5.73857175186276
181,0,5.92002831399441
182,0,6.21489575132728
183,0,6.14684959873557
184,0,6.03343872353435
185,0,5.92002831399441
186,0,5.92002831399441
187,0,6.03343872353435
188,0,5.87466405704618
189,0,5.9880749322474
190,0,5.94271067529917
191,0,5.96539257094264
192,0,6.03343872353435
193,0,6.12416723743081
194,0,6.1922138556838
195,0,5.8519821614027
196,0,5.92002831399441
197,0,5.96539257094264
198,0,5.96539257094264
199,0,6.01075682789087
200,0,5.94271067529917
201,0,5.94271067529917
202,0,6.30562426522374
203,0,6.23757764697075
204,0,6.23757764697075
205,0,6.23757764697075
206,0,6.53244508430362
207,0,5.8519821614027
208,0,5.9880749322474
209,0,5.94271067529917
210,0,6.16953149437904
211,0,5.9880749322474
212,0,5.96539257094264
213,0,6.26026000827551
214,0,6.03343872353435
215,0,5.9880749322474
216,0,6.1922138556838
217,0,5.8519821614027
218,0,6.21489575132728
219,0,6.23757764697075
220,0,6.10148534178734
221,0,6.41903467476368
222,0,6.32830616086721
223,0,6.35098852217197
224,0,6.37367041781545
225,0,6.28294190391898
226,0,6.21489575132728
227,0,5.8519821614027
228,0,5.9880749322474
229,0,5.9880749322474
230,0,5.96539257094264
231,0,6.23757764697075
232,0,6.1922138556838
233,0,6.07880298048258
234,0,6.64585549384356
235,0,6.21489575132728
236,0,6.32830616086721
237,0,6.28294190391898
238,0,6.14684959873557
239,0,6.12416723743081
240,0,6.14684959873557
241,0,6.14684959873557
242,0,6.26026000827551
243,0,6.37367041781545
244,0,6.28294190391898
245,0,6.78194826468825
246,0,6.46439893171191
247,0,6.21489575132728
248,0,6.21489575132728
249,0,6.1922138556838
250,0,6.62317359820008
251,0,7.03145144507289
252,0,6.96340529248118
253,0,6.50976318866014
254,0,6.69121975079179
255,0,6.75926636904478
256,0,6.60049123689532
257,0,6.62317359820008
258,0,6.75926636904478
259,0,6.66853785514832
260,0,6.80463016033173
261,0,6.64585549384356
262,0,6.82731252163649
263,0,6.69121975079179
264,0,6.23757764697075
265,0,5.9880749322474
266,0,6.30562426522374
267,0,6.01075682789087
268,0,6.12416723743081
269,0,6.21489575132728
270,0,6.41903467476368
271,0,6.12416723743081
272,0,6.37367041781545
273,0,6.03343872353435
274,0,6.23757764697075
275,0,6.21489575132728
276,0,6.1922138556838
277,0,6.07880298048258
278,0,6.05612108483911
279,0,6.53244508430362
280,0,6.21489575132728
281,0,6.39635231345892
282,0,6.26026000827551
283,0,6.26026000827551
284,0,6.46439893171191
285,0,6.48708082735538
286,0,6.75926636904478
287,0,6.32830616086721
288,0,6.1922138556838
289,0,6.39635231345892
290,0,12.3617453500628
291,0,9.98012442141771
292,0,8.57383385300636
293,0,5.9880749322474
294,0,6.1922138556838
295,0,5.73857175186276
296,0,6.16953149437904
297,0,6.01075682789087
298,0,6.03343872353435
299,0,6.55512744560838
300,0,5.96539257094264
301,0,6.84999441727996
302,0,6.21489575132728
303,0,5.94271067529917
304,0,5.94271067529917
305,0,5.80661790445447
306,0,5.92002831399441
307,0,6.16953149437904
308,0,6.05612108483911
309,0,6.35098852217197
310,0,6.05612108483911
311,0,6.37367041781545
312,0,6.37367041781545
313,0,6.28294190391898
314,0,6.66853785514832
315,0,6.48708082735538
316,0,6.82731252163649
317,0,6.62317359820008
318,0,6.39635231345892
319,0,6.35098852217197
320,0,6.44171657040715
321,0,16.1094387294725
322,0,6.64585549384356
323,0,6.53244508430362
324,0,6.44171657040715
325,0,6.35098852217197
326,0,6.05612108483911
327,0,6.41903467476368
328,0,6.23757764697075
329,0,6.37367041781545
330,0,6.10148534178734
331,0,6.12416723743081
332,0,6.14684959873557
333,0,6.03343872353435
334,0,6.28294190391898
335,0,6.48708082735538
336,0,6.39635231345892
337,0,5.9880749322474
338,0,6.1922138556838
339,0,5.96539257094264
340,0,6.03343872353435
341,0,5.94271067529917
342,0,5.89734641835093
343,0,5.92002831399441
344,0,6.05612108483911
345,0,6.1922138556838
346,0,6.01075682789087
347,0,6.26026000827551
348,0,6.21489575132728
349,0,5.82929980009794
350,0,5.9880749322474
351,0,6.1922138556838
352,0,6.03343872353435
353,0,5.96539257094264
354,0,6.26026000827551
355,0,5.92002831399441
356,0,100.726479664445
357,0,65.2983747422695
358,0,6.26026000827551
359,0,6.10148534178734
360,0,6.16953149437904
361,0,6.1922138556838
362,0,5.89734641835093
363,0,6.28294190391898
364,0,6.23757764697075
365,0,6.21489575132728
366,0,6.44171657040715
367,0,6.01075682789087
368,0,6.12416723743081
369,0,6.50976318866014
370,0,6.01075682789087
371,0,7.00876908376813
372,0,6.26026000827551
373,0,6.30562426522374
374,0,5.9880749322474
375,0,6.26026000827551
376,0,6.12416723743081
377,0,6.03343872353435
378,0,5.89734641835093
379,0,5.94271067529917
380,0,5.96539257094264
381,0,5.94271067529917
382,0,5.9880749322474
383,0,6.01075682789087
384,0,6.64585549384356
