Index,Label,Amplitude
1,1,311.153061687946
2,1,294.18683797121
3,1,288.854259997606
4,1,133.733671158552
5,1,416.161337925587
6,1,24.5647160336375
7,0,8.73260851949453
8,0,5.6478432379663
9,1,71.4486166834831
10,0,7.03145144507289
11,0,7.92619760613889
12,1,260.163700673729
13,0,4.81038307407289
14,0,5.51347611326491
15,0,4.78733508498408
16,0,4.83343136147596
17,0,4.71955029206583
18,0,4.83316992176697
19,0,4.78728278540075
20,0,5.05852692003828
21,0,4.65260194323491
22,0,4.69671123028093
23,0,4.92389826104045
24,0,4.4249444927118
25,1,27.5587532669306
26,0,4.94699884438887
27,0,5.01504493877292
28,0,5.1973385270685
29,0,4.85553831094876
30,0,5.67052513360977
31,0,6.87267677858472
32,0,5.62516087666154
33,0,4.85553813996376
34,0,5.62516087666154
35,0,5.715889390558
36,0,5.26224728673697
37,0,5.28492964804173
38,0,4.83306553360308
39,0,4.94584836997092
40,0,5.23956539109349
41,0,4.81074923300184
42,0,10.8193624764681
43,0,6.53244508430362
44,0,6.42185838660225
45,0,6.8841278553009
46,0,5.87466428987682
47,0,4.6288741286844
48,0,5.17549319192767
49,0,6.28294190391898
50,0,4.94825385976583
51,0,8.21092072874308
52,0,4.78811928769574
53,0,5.9880749322474
54,0,4.90262825042009
55,0,5.28492964804173
56,0,24.5420336723328
57,0,11.7946928367019
58,0,4.6284559648484
59,0,4.92609437787905
60,0,4.5839282538509
61,0,4.81038326688576
62,0,4.92436872264079
63,0,4.49314760044217
64,0,4.90074575645849
65,0,5.15035312855616
66,0,4.92347995168529
67,0,4.67439515341539
68,0,4.69843687824323
69,0,4.51373809482902
70,0,4.83311759307981
71,0,4.67497046702192
72,0,4.9460053560324
73,0,4.81012168165762
74,0,4.76643078582129
75,0,4.69681597678573
76,0,5.08256838656962
77,0,4.94971772423014
78,0,4.60619197110645
79,0,4.94710338170989
80,0,5.03621084499173
81,0,4.74181404570118
82,0,5.35349900019355
83,0,4.51562045782339
84,0,4.69566576066427
85,0,4.60608754656278
86,0,4.67355872387998
87,0,4.67408157783211
88,0,4.49288618983701
89,0,5.49027102533728
90,0,4.85731597291306
91,1,8.73260898515582
92,0,5.62678196001798
93,0,4.81001740263309
94,0,4.56103704345878
95,0,5.71677830885164
96,0,4.58351004635915
97,0,4.51525453536306
98,0,5.51661357167177
99,0,4.49189274513628
100,1,5.98807446658611
101,0,5.01535883813631
102,0,4.51525452081114
103,0,5.40022243512794
104,0,4.67392458813265
105,0,4.969524074113
106,0,4.56103699980304
107,0,5.26292700669728
108,0,4.44752187468112
109,0,4.60546000977047
110,0,4.74176190618891
111,0,8.19440846680664
112,0,4.62829897878692
113,0,4.96978528099135
114,0,4.44746966240928
115,0,5.80923237430397
116,0,5.46638626838103
117,0,4.85396943986416
118,0,5.60760335065424
119,0,4.81038332509343
120,0,4.56051422224846
121,0,4.76585562864784
122,0,4.44856780814007
123,0,4.81001724256203
124,0,5.76554157305509
125,0,4.53814576758305
126,0,4.76491452718619
127,0,5.40105896652676
128,0,4.72096214070916
129,0,4.99189260881394
130,0,5.03610604209825
131,0,5.21986384410411
132,0,4.67612076317891
133,0,5.12615474872291
134,0,5.35574699460994
135,0,4.83808503486216
136,0,4.72148502012715
137,0,5.92374085681513
138,0,4.74280758498935
139,0,5.01609075581655
140,0,4.78942651534453
141,0,4.81393898371607
142,0,4.74374866462313
143,0,5.17988530918956
144,0,5.40121612721123
145,0,6.85470039024949
146,0,5.1272007112857
147,0,5.26413001716719
148,0,5.94788731541485
149,0,6.12861168337986
150,0,18.5777916194638
151,0,5.44459305820055
152,0,6.16953172720969
153,0,6.85025584243704
154,0,4.92666952777654
155,0,7.28947739116848
156,0,6.7665867973119
157,0,5.58429397642612
158,0,9.2169854324311
159,0,11.5446778945625
160,0,6.15349039435387
161,0,4.97093587182462
162,0,11.2645966000855
163,0,4.80975603568368
164,0,4.81022633175598
165,0,5.03678584937006
166,0,7.91605352424085
167,0,5.8758147933986
168,0,5.2629794809036
169,0,5.94412232749164
170,0,4.76559412345523
171,0,6.13295170478523
172,0,6.66979257948697
173,0,5.26339787757024
174,0,7.50798483932158
175,0,5.56302338372916
176,0,7.15354178100824
177,0,5.3576817153953
178,0,4.90189599076984
179,0,11.9499228894711
180,0,4.65312480810098
181,0,5.58894756250083
182,0,5.17486537864897
183,0,5.54002745775506
184,0,5.81080125994049
185,0,5.22111877216958
186,0,4.94856748264283
187,0,4.67638208647259
188,0,5.60708029661328
189,0,5.05952048115432
190,0,6.40288868453354
191,0,5.10786497034132
192,0,6.35977275669575
193,0,5.47119666589424
194,0,6.17784552741796
195,0,5.17596353893168
196,0,4.76454856107011
197,0,6.4035159884952
198,0,7.1304413722828
199,0,5.06291911005974
200,0,7.62118573766202
201,0,5.89813067927025
202,0,6.46486939513125
203,0,5.33165340311825
204,0,4.42494446178898
205,0,50.3996275365353
206,0,5.17481309361756
207,0,11.7509602569044
208,0,6.03945209877566
209,0,5.42572801350616
210,0,26.8782896455377
211,0,33.2275116816163
212,0,15.0594615843147
213,0,7.70110217854381
214,0,7.56412022747099
215,0,17.8012885153294
216,0,7.72556196898222
217,0,5.99340816552285
218,0,6.42557074024808
219,0,7.3373515624553
220,0,6.22399384155869
221,0,6.15443137940019
222,0,7.6489922721521
223,0,5.38083474384621
224,0,5.88161853374913
225,0,9.34012152720243
226,0,8.61037298454903
227,0,10.2642319398001
228,0,7.25827214773744
229,0,4.8366210248787
230,0,8.35637311683968
231,0,6.54170010238886
232,0,6.49665005039424
233,0,8.48310568835586
234,0,10.6104762526229
235,0,6.17026368854567
236,0,7.25827243877575
237,0,5.76125382212922
238,0,9.14088694844395
239,0,35.7477567158639
240,0,8.32433102186769
241,0,11.0386126907542
242,0,8.48681817296892
243,0,7.07681535277516
244,0,6.23841464403085
245,0,8.41809203848243
246,0,5.58052904671058
247,0,5.69603114854544
248,0,5.80975518096238
249,0,10.2523092646152
250,0,6.12500388524495
251,0,7.46586237801239
252,0,4.83311772404704
253,0,4.69707732554525
254,0,4.83327455731342
255,0,7.37319939071313
256,0,5.99110720213503
257,0,8.66456271614879
258,0,5.17303563538007
259,0,6.46439893171191
260,0,5.30860517756082
261,0,5.03647222649306
262,0,5.24076801957563
263,0,5.08277773042209
264,0,5.96617700648494
265,0,5.44459305820055
266,0,6.12578826257959
267,0,5.19634515512735
268,0,5.26548933703452
269,0,5.15118980547413
270,0,7.46554869692773
271,0,7.03281069581863
272,0,5.74019277701154
273,0,5.96800708444789
274,0,10.4564486537129
275,0,5.03631518222392
276,0,6.44171657040715
277,0,6.66874678427121
278,0,5.78393595060334
279,0,5.62568404711783
280,0,6.12416729563847
281,0,5.33076454303227
282,0,4.96811239281669
283,0,7.03145144507289
284,0,6.60221715224907
285,0,6.46534000406973
286,0,6.53244490968063
287,0,5.82930003292859
288,0,6.07906481309328
289,0,9.68525710050017
290,0,6.94072316400707
291,0,7.82532501034439
292,0,6.3056240323931
293,0,6.48812657163944
294,0,8.73260851949453
295,0,5.42102236067876
296,0,6.82731246342883
297,0,8.2789669977501
298,0,8.00678168889135
299,0,5.64820901490748
300,0,5.8758147933986
301,0,5.85260937805288
302,0,6.30562391597778
303,0,4.87837744003627
304,0,5.44856709893793
305,0,5.85224358655978
306,0,4.96889650821686
307,0,6.48713308873994
308,0,7.37168302293867
309,0,8.09751020278782
310,0,8.43774154782295
311,0,5.82961365580559
312,0,6.55554542026948
313,0,7.4397292919457
314,0,5.4670140525559
315,0,7.32631876599044
316,0,5.08199329487979
317,0,8.02946393378079
318,0,6.96340529248118
319,0,5.92028968094382
320,0,6.30562397418544
321,0,6.14747666986659
322,0,11.9761498644948
323,0,5.49006185610779
324,0,6.21500050692703
325,0,7.82532477751374
326,0,6.07911706902087
327,0,5.8292998583056
328,0,7.14486173819751
329,0,6.75942286034115
330,0,5.89734641835093
331,0,7.05423786348547
332,0,5.39860142453108
333,0,6.26104444381781
334,0,5.85240042710211
335,0,7.25827249698341
336,0,6.01107068359852
337,0,7.00876931659877
338,0,5.44443642138503
339,0,5.46659566316521
340,0,6.01117503538262
341,0,5.39870603824966
342,0,7.77996086981148
343,0,5.26256114244461
344,0,5.98880666075274
345,0,6.82731252163649
346,0,7.32631864957511
347,0,8.34701303392649
348,0,5.8523480547592
349,0,11.2276403233409
350,0,5.85229601711035
351,0,10.8874086290598
352,0,6.78194838110358
353,0,7.75727839209139
354,0,6.10148522537202
355,0,4.83290855481755
356,0,4.6738723613089
357,0,4.62850810436066
358,0,4.71949802158633
359,0,6.14805211080238
360,0,4.51541141956113
361,0,5.42222493095323
362,0,4.65098094718996
363,0,4.65270649874583
364,0,4.7651235054218
365,0,4.53840725822374
366,0,4.51551603327971
367,0,4.4247352907405
368,0,4.42468288383679
369,0,5.14883687719703
370,0,4.67570219188929
371,0,4.94825374335051
372,0,5.44757361058146
373,0,4.8115334357135
374,0,5.44725987128913
375,0,7.32631888240576
376,0,5.89734641835093
377,0,5.03730880154762
378,0,8.23360309004784
379,0,5.35904127173126
380,0,4.69875044655055
381,0,4.74448059685528
382,0,8.07482842355967
383,0,4.78770106929005
384,0,4.72085771616548
385,0,4.62876952224178
386,0,4.58413730666507
387,0,4.69760013220366
388,0,4.42661772831343
389,0,4.71897519310005
390,0,4.65124256152194
391,0,4.47036081459373
392,0,4.60634900082368
393,0,4.51577732746955
394,0,4.56124615448061
395,0,4.53798893431667
396,0,4.71897519310005
397,0,4.42447376553901
398,0,4.94752169470303
399,0,4.6747612686886
400,0,7.22153577953577
401,0,4.62871732088388
402,0,5.22488355636597
403,0,4.71970726903237
404,0,5.53631513321307
405,0,5.2415523387026
406,0,4.67408147233073
407,0,4.67517957440577
408,0,4.94689419429051
409,0,4.67387225216953
410,0,5.40037911559921
411,0,5.8338490780443
412,0,7.28095462545753
413,0,4.58429427817464
414,0,5.24238888465334
415,0,6.37367041781545
416,0,4.81090613175184
417,0,4.71970719809178
418,0,5.21688349545002
419,0,6.28294190391898
420,0,4.8328561897506
421,0,4.65119030559435
422,0,4.51609110859863
423,0,4.76564648852218
424,0,5.06030477117747
425,0,6.19221362285316
426,0,5.12615498155355
427,0,4.99361788388342
428,0,4.92201605811715
429,0,6.83322106488049
430,0,4.99006221070886
431,0,5.62908261781558
432,0,4.85731614753604
433,0,5.53683802718297
434,0,5.60582551406696
435,0,5.53872040472925
436,0,5.81137623521499
437,0,5.51462650764734
438,0,4.94778311986011
439,0,4.58434663596563
440,0,4.42546734120697
441,0,5.10608735203277
442,0,4.62892656651093
443,0,4.56124623451615
444,0,4.7666922910139
445,0,6.60049146972597
446,0,6.14684936590493
447,0,5.37565792910755
448,0,6.50976283941418
449,0,7.28095462545753
450,0,5.96539257094264
451,0,6.46439904812723
452,0,6.91804068628699
453,0,5.37565792910755
454,0,6.23757811263204
455,0,6.62317336536944
456,0,5.89734618552029
457,0,7.43972932104953
458,0,10.6605873443186
459,0,10.5925414245576
460,0,10.2523099048994
461,0,4.35653197928332
462,0,8.98211216554046
463,0,4.83128754422069
464,0,4.62903098377865
465,0,4.60702869168017
466,0,4.60603527608328
467,0,4.6979661565274
468,0,4.94694660483219
469,0,4.85616570949787
470,0,4.37874353519874
471,0,4.4246829347685
472,0,4.42551945889136
473,0,7.59850395843387
474,0,7.57582182995975
475,0,5.58413710677996
476,0,5.17517933622003
477,0,4.65129467920633
478,0,6.30562426522374
479,0,4.89933369681239
480,0,6.12416723743081
481,0,5.08079072460532
482,0,4.92201605811715
483,0,6.05612108483911
484,0,5.46785030746832
485,0,4.90090250968933
486,0,5.89734641835093
487,0,6.10148534178734
488,0,8.27896688133478
489,0,4.74176171701401
490,0,5.19420113414526
491,0,4.67392470454797
492,0,4.49257230502553
493,0,4.49236331041902
494,0,9.68525744974613
495,0,4.72096202429384
496,0,5.0865423399955
497,0,5.37565792910755
498,0,4.69791402974806
499,0,4.67476135054312
500,0,4.58513089688495
501,0,5.49743487499654
502,0,7.82073428854346
503,0,5.06318057887256
504,0,4.58471279125661
505,0,4.62897867328138
506,0,4.62887428147951
507,0,4.37937100650743
508,0,4.83128754422069
509,0,5.19420113414526
510,0,4.42520589422202
511,0,5.57979696895927
512,0,4.76496681221761
513,0,5.30761177651584
514,0,9.61721094790846
515,0,6.01075694430619
516,0,6.01075694430619
517,0,4.94924717349932
518,0,4.56014813971706
519,0,8.70992708951235
520,0,5.17151912208647
521,0,4.4249967468204
522,0,4.99110796954483
523,0,5.69320749491453
524,0,6.62610161816701
525,0,4.56072317319922
526,0,4.78712597396225
527,0,5.33029378857464
528,0,4.67251287773252
529,0,4.58445111871697
530,0,4.78759681573138
531,0,4.56046173349023
532,0,6.35098852217197
533,0,4.46936732623726
534,0,5.17350609879941
535,0,4.4707790366374
536,0,4.94605768471956
537,0,4.51535912725376
538,0,4.58335314760916
539,0,5.15124213416129
540,0,4.85621817642823
541,0,5.26402523973957
542,0,5.56103652343154
543,0,4.60645342536736
544,0,4.74254607979674
545,0,4.96900116559118
546,0,4.5156726919231
547,0,4.74238925380632
548,0,4.53825035219779
549,1,14.9021409451962
550,0,4.81017405400053
551,0,4.92389837745577
552,0,4.97036066371948
553,0,4.62929247078137
554,0,4.69718181193457
555,0,7.19022622797638
556,0,5.80661790445447
557,0,5.05857917596586
558,0,6.41903467476368
559,0,4.55988649628125
560,0,4.65197470839485
561,0,5.35297580063343
562,0,4.58293489646167
563,0,4.96988998202141
564,0,4.47083145263605
565,0,4.65171322139213
566,0,4.65145166526781
567,0,5.37565816193819
568,0,4.47009957861155
569,0,5.89734641835093
570,0,5.10572115308605
571,0,5.51175069995224
572,0,4.87822038121521
573,0,4.49299068714026
574,0,4.85538149951026
575,0,4.85532914171927
576,0,4.76475758478045
577,0,7.28095427621156
578,0,5.24019275326282
579,0,5.42274763574824
580,0,4.8097557737492
581,0,6.35182470432483
582,0,4.56401734845713
583,0,4.69796621473506
584,0,4.62714862078428
585,0,4.74270298946067
586,0,4.96738008223474
587,0,5.51175069995224
588,0,4.94469795376062
589,0,6.37367041781545
590,0,4.44752190560394
591,0,4.62908326881006
592,0,4.69650223385543
593,0,5.80823892960325
594,0,4.47041323786834
595,0,4.6287695877254
596,0,4.58382368378807
597,0,5.3996997885406
598,0,4.96842584107071
599,0,5.26287499815226
600,0,6.21489575132728
601,0,4.96952401590534
602,0,5.26303172227927
