Index,Label,Amplitude
1,1,308.706648647785
2,0,9.18625085614622
3,1,139.358833432198
4,1,414.288572967052
5,1,35.3620043024421
6,1,515.531331300735
7,1,505.63573744148
8,1,11.4544611424208
9,1,67.142786225304
10,0,6.35098828934133
11,1,713.071778416634
12,1,9.39038977958262
13,0,7.91605329141021
14,0,5.69603085750714
15,0,5.80870968406089
16,0,5.64920267788693
17,0,5.58220210950822
18,0,5.69514209928457
19,0,5.7641297171358
20,0,5.92227691959124
21,0,5.55894483113661
22,0,9.07284044660628
23,0,5.92269509797916
24,0,8.19791189860553
25,0,5.85569452960044
26,0,6.35501462966204
27,0,5.98938181065023
28,0,6.32830616086721
29,0,7.1974940947257
30,0,5.71850390406325
31,0,5.74071559822187
32,0,5.76386810280383
33,0,6.80792459752411
34,0,5.80855261068791
35,0,6.53417079593055
36,0,5.83139137597755
37,0,7.87319883238524
38,0,7.91913841385394
39,0,5.64951656269841
40,0,5.62850742426235
41,0,5.58277723030187
42,0,5.92196310753934
43,0,6.21489575132728
44,0,6.48708082735538
45,0,5.87466405704618
46,0,5.85396906535607
47,0,5.62516087666154
48,0,5.65077143255621
49,0,7.14486185461283
50,0,6.10148534178734
51,0,6.12416735384613
52,0,5.92269515618682
53,0,5.76465248195746
54,0,5.62646822072566
55,0,7.12217995896935
56,0,7.91605352424085
57,0,5.60781231615692
58,0,6.78304620669223
59,0,8.07723344769329
60,0,5.49199673696421
61,0,5.6058777263388
62,0,5.99042743124301
63,0,6.55512721277773
64,0,5.92410682293121
65,0,6.08497299253941
66,0,6.78194826468825
67,0,6.31482689641416
68,0,5.92583246179856
69,0,5.46868704259396
70,0,5.65118965459988
71,0,5.78623639739817
72,0,5.62730513047427
73,0,5.53987082093954
74,0,5.69540343713015
75,0,5.94459298008587
76,0,5.49299007980153
77,0,6.84999441727996
78,0,5.60650531406282
79,0,5.42212012805976
80,0,6.62317359820008
81,0,5.60697563923895
82,0,5.92368870275095
83,0,5.6723553861957
84,0,5.53851117729209
85,0,7.55313970148563
86,0,5.71850410597108
87,0,6.23757787980139
88,0,6.07880298048258
89,0,5.8302934630774
90,0,5.60509326169267
91,0,5.83139155060053
92,0,7.45426537469029
93,0,5.5591540876776
94,0,6.05826487299055
95,0,6.28618395421654
96,0,6.31059159059078
97,0,6.62793184164912
98,0,5.98807481583208
99,0,6.46439893171191
100,0,5.71740578743629
101,0,8.54206515941769
102,0,6.90377713181078
103,0,6.01269153412431
104,0,5.80860488116741
105,0,5.6495689204894
106,0,5.80912758596241
107,0,6.87267677858472
108,0,6.94072293117642
109,0,7.23559036850929
110,0,12.7927048597485
111,0,8.02946370095015
112,0,7.23559013567865
113,0,13.6773074045777
114,0,14.7206839174032
115,0,7.89337116293609
116,0,7.19022587873042
117,0,7.39436526782811
118,0,6.66853762231767
119,0,6.87267677858472
120,0,8.36969562806189
121,0,8.07482819072902
122,0,8.00678180530667
123,0,9.14088683202863
124,0,5.65003929659724
125,0,5.74155204230919
126,0,5.7859750231728
127,1,8.64188093692064
128,0,5.40095445467159
129,0,5.44569146586582
130,0,5.55993820307776
131,0,5.62939635710791
132,0,6.48708082735538
133,0,5.4929378311499
134,0,6.04096858296543
135,0,5.58194087352604
136,0,8.4377417806536
137,0,6.03343907278031
138,0,5.46988975838758
139,0,6.73658424057066
140,0,11.7039643228054
141,0,6.71390164643526
142,0,5.42321819375502
143,0,6.66853762231767
144,0,7.00876908376813
145,0,10.4791305493563
146,0,5.71588950697333
147,0,7.05413357354701
148,0,6.15035300143063
149,0,5.65124192507938
150,0,5.72164129334851
151,0,5.74479380156845
152,0,8.36969539523125
153,0,5.99774834699929
154,0,5.85658365162089
155,0,5.58471193471632
156,0,6.48708094377071
157,0,8.02946370095015
158,0,6.5097629558295
159,0,7.80264288187027
160,0,6.19221362285316
161,0,7.34900077804923
162,0,9.79866739362478
163,0,9.2996614985168
164,0,8.61919857561588
165,0,8.05214582942426
166,0,7.03145121224225
167,0,6.80463039316237
168,0,7.1902263443917
169,0,7.53045757301152
170,0,7.12217949330807
171,0,12.5658842152916
172,0,8.5057879332453
173,0,7.98409944400191
174,0,8.46042390912771
175,0,6.94072316400707
176,0,6.03343895636499
177,0,13.9041282236576
178,0,7.12217960972339
179,0,6.30562414880842
180,0,5.96988969482481
181,0,5.81158552085981
182,0,5.90388244017959
183,0,5.65050993645855
184,0,5.80897071995423
185,0,5.51347632426769
186,0,5.55899715982378
187,0,5.53736096480861
188,0,6.06014730874449
189,0,6.80463039316237
190,0,7.3716826736927
191,0,10.1615814492106
192,0,6.42494321800768
193,0,7.51954014413059
194,0,10.2749918587506
195,0,6.39635231345892
196,0,6.14684959873557
197,0,7.28095462545753
198,0,6.57780957408249
199,0,9.59452870301902
200,0,6.30562391597778
201,0,9.6398931927979
202,0,6.62317336536944
203,0,7.64386798255146
204,0,9.00479406118393
205,0,13.2009827066213
206,0,14.5845906808972
207,0,6.01478289900115
208,0,6.19561263010837
209,0,5.56004291138379
210,0,6.30562426522374
211,0,5.78848493751138
212,0,5.47098799142987
213,0,5.67413325188681
214,0,5.9480961645022
215,0,6.89635228263796
216,0,6.97062094695866
217,0,6.44694575748872
218,0,6.07990100252209
219,0,5.58214996999595
220,0,5.62808932590997
221,0,5.55904945213115
222,0,5.6975475163199
223,0,5.51436489331536
224,0,6.42400220385753
225,0,5.67287823650986
226,0,6.35098852217197
227,0,7.19022611156106
228,0,8.02946370095015
229,0,8.23360309004784
230,0,8.21092072874308
231,0,5.92175411293283
232,0,11.2276403233409
233,0,7.39436503499746
234,0,6.87267677858472
235,0,6.62317359820008
236,0,6.21489575132728
237,0,7.14486185461283
238,0,7.77996052056551
239,0,6.20021391659975
240,0,5.90064062271267
241,0,6.57780945766717
242,0,6.53244508430362
243,0,6.89535867422819
244,0,5.64784300513566
245,0,5.81111467909068
246,0,5.98838838050142
247,0,6.01426010689465
248,0,5.44469774467871
249,0,5.99178724223748
250,0,6.06035650707781
251,0,5.71588968159631
252,0,5.44600500325032
253,0,5.74280717410147
254,0,6.08136545270099
255,0,6.66853762231767
256,0,6.15045730955899
257,0,5.51405135774985
258,0,5.783936008811
259,0,7.00876908376813
260,0,5.53631519142073
261,0,5.96753653007909
262,0,7.32631888240576
263,0,8.25628452003002
264,0,10.4337669909
265,0,6.85145879833726
266,0,5.42264293471817
267,0,6.21489575132728
268,0,5.83390161773423
269,0,6.96340529248118
270,0,5.94480201834813
271,0,5.53678545111325
272,0,7.53045780584216
273,0,6.23909413116053
274,0,6.42060341488104
275,0,5.44600503053516
276,0,5.44569111661986
277,0,5.74123853584751
278,0,9.39038954675198
279,0,5.94271067529917
280,0,5.99032314494252
281,0,6.16953149437904
282,0,6.26245577586815
283,0,6.35328888893127
284,0,5.8310255408287
285,0,5.4004837438697
286,0,5.96539257094264
287,0,5.85496277199127
288,0,5.67282608244568
289,0,5.94271044246852
290,0,6.28362176939845
291,0,6.60049146972597
292,0,5.9662813146133
293,0,6.07880321331322
294,0,8.50578781682998
295,0,6.07880321331322
296,0,6.87586632557213
297,0,5.67293060157681
298,0,6.62317359820008
299,0,6.17350530956173
300,0,5.76339737745002
301,0,9.36770823318511
302,0,9.0728405630216
303,0,6.26637769164518
304,0,5.70000500010792
305,0,6.26486126566306
306,0,5.78968750778586
307,0,5.69320749491453
308,0,6.17397617315874
309,0,6.89535855781287
310,0,5.90048381127417
311,0,6.10368128036498
312,0,5.67287804733496
313,0,6.92666845861822
314,0,7.5051193125546
315,0,6.51436462067068
316,0,6.26193307107314
317,0,5.69482828723267
318,0,6.17078645154834
319,0,5.44605722825509
320,0,5.98922505741939
321,0,5.46894851140678
322,0,5.62855968018994
323,0,6.19765173178166
324,0,7.94114044401795
325,0,5.51337135402719
326,0,9.23161522950977
327,0,6.33039767853916
328,0,6.67089049238712
329,0,7.23559036850929
330,0,7.2591089119669
331,0,5.65019610803574
332,0,6.39807811239734
333,0,5.49121235962957
334,0,6.82992697693408
335,0,5.78665488865227
336,0,5.55920643091667
337,0,5.51577657461166
338,0,6.50976283941418
339,0,12.6437607686967
340,0,5.92698273248971
341,0,6.05889220605604
342,0,6.01446923974436
343,0,5.87597163394094
344,0,5.7174059911631
345,0,5.56019962095888
346,0,5.78404029874946
347,0,5.92489121481776
348,0,5.51588158123195
349,0,5.76543668285012
350,0,5.58330016065156
351,0,5.5827249034337
352,0,5.64888876397163
353,0,6.46439881529659
354,0,6.35098840575665
355,0,5.9941399958916
356,0,6.0833520401502
357,0,5.9224859578535
358,0,6.71390217030421
359,0,6.26768480287865
360,0,5.74353896081448
361,0,6.0628661303781
362,0,5.42379339822219
363,0,5.76554141298402
364,0,6.96340517606586
365,0,6.29015790764242
366,0,6.88313448335975
367,0,5.96973279607482
368,0,10.1615810999647
369,0,8.55115195736289
370,0,8.05214588763192
371,0,5.9880749322474
372,0,9.59452847018838
373,0,7.14486197102815
374,0,6.37916085543111
375,0,14.7660477086902
376,0,7.37168290652335
377,0,6.21489580953494
378,0,8.09750985354185
379,0,6.73658400774002
380,0,7.59850395843387
381,0,6.16953149437904
382,0,8.36969539523125
383,0,5.62803717730276
384,0,5.69508958142251
385,0,5.89734641835093
386,0,6.01677008671686
387,0,6.9205507170409
388,0,7.64894019812346
389,0,6.0824635438621
390,0,6.4209692645818
391,0,5.76371123315766
392,0,5.58314332738519
393,0,5.76297909719869
394,0,6.23909430578351
395,0,8.83029168471694
396,0,5.74071559822187
397,0,5.92217210214585
398,0,5.92227684683166
399,0,6.24249270185828
400,0,9.23161488026381
401,0,6.44433131674305
402,0,7.53045757301152
403,0,6.47318328265101
404,0,6.72247726470232
405,0,7.37168313935399
406,0,8.05214606225491
407,0,8.80065513774753
408,0,8.14287457615137
409,0,8.18573986180127
410,0,9.75330360233784
411,0,7.71191460080445
412,0,7.4729211628437
413,0,5.90001317141287
414,0,6.32977043278515
415,0,6.51441654190421
416,0,6.71390211209655
417,0,5.80933714809362
418,0,5.69655383878853
419,1,24.5647151023149
420,0,5.96769351977855
421,0,5.90210466179997
422,0,5.74191809573676
423,0,5.67303514253581
424,0,8.18823848385364
425,0,5.69707695103716
426,0,6.78194838110358
427,0,5.81012135080528
428,0,5.49126461555716
429,0,5.96931426844094
430,0,5.64998720074072
431,0,6.75926601979882
432,0,5.55711460765451
433,0,6.14684924948961
434,0,6.39844394754618
435,0,6.57932576723397
436,0,5.53730857791379
437,0,7.23559036850929
438,0,7.26323964772746
439,0,7.34973295766395
440,0,6.01075682789087
441,0,5.98854548297822
442,0,6.01410322997253
443,0,6.10545912059024
444,0,5.58162694505882
445,0,5.85198192857206
446,0,8.37372150999727
447,0,5.51384215941653
448,0,7.34900066163391
449,0,6.48708094377071
450,0,6.05774210998788
451,0,5.9013202553615
452,0,5.80917985644192
453,0,6.94072293117642
454,0,6.57780934125185
455,0,5.94490644289181
456,0,6.07880298048258
457,0,5.99288509692997
458,0,6.46439893171191
459,0,6.28294190391898
460,0,6.94072293117642
461,0,10.2976737543941
462,0,6.48708082735538
463,0,7.9160537570715
464,0,5.69320749491453
465,0,6.62317359820008
466,0,7.68923247233033
467,0,8.50578770041466
468,0,6.60049123689532
469,0,6.64585549384356
470,0,6.91804103553295
471,0,8.64188093692064
472,0,8.21191410068423
473,0,6.82731252163649
474,0,5.92274748487398
475,0,5.60310622677207
476,0,6.78194826468825
477,0,6.01295282831416
478,0,6.21489575132728
479,0,5.87686017388478
480,0,6.1922138556838
481,0,5.8083434269065
482,0,5.87712152628228
483,0,5.76313614146784
484,0,5.73857175186276
485,0,5.76282216934487
486,0,8.48310580477118
487,0,6.01337116677314
488,0,5.71871333522722
489,0,6.19221339002252
490,0,7.84800690598786
491,0,6.55512721277773
492,0,5.74191793202772
493,0,6.01441705657635
494,0,5.6065575190587
495,0,7.84800690598786
496,0,6.5097629558295
497,0,5.62699140573386
498,0,6.84999441727996
499,0,5.90069277677685
500,0,6.44171657040715
501,0,6.53244508430362
502,0,5.85433508967981
503,0,6.46439893171191
504,0,7.21290800720453
505,0,7.28095462545753
506,0,6.19467126671225
507,0,5.6272528890986
508,0,11.5451896563172
509,0,11.0828788019717
510,0,10.1615816820413
511,0,7.70455290330574
512,0,6.22320966795087
513,0,7.41704716347158
514,0,5.67622482776642
515,0,6.32830639369786
516,0,6.65589480195194
517,0,6.44929864211008
518,0,6.92196248564869
519,0,5.6268866173923
520,0,5.58178371284157
521,0,5.69576962152496
522,0,6.78194826468825
523,0,6.23935583280399
524,0,7.4397292919457
525,0,6.30734984588344
526,0,6.12416723743081
527,0,5.78607985880808
528,0,5.60451846104115
529,0,7.35229509882629
530,0,6.4654967354727
531,0,6.01624720729887
532,0,6.80996372830123
533,0,11.4544611424208
534,0,9.57184669096023
535,0,10.7863382436335
536,0,7.07681570202112
537,0,6.01729302434251
538,0,6.42143996083178
539,0,8.13546031713486
540,0,7.59850395843387
541,0,6.35098852217197
542,0,11.9762017766334
543,0,8.23360309004784
544,0,6.60300138406456
545,0,11.3268917411915
546,0,9.09761397633702
547,0,10.1019010762684
548,0,7.13216717122123
549,0,6.56255206558853
550,0,6.743642850779
551,0,6.42672122921795
552,0,5.78393577598035
553,0,7.12217972613871
554,0,6.26025977544487
555,0,7.03145144507289
556,0,6.48708082735538
557,0,6.03783095721155
558,0,7.07681546919048
559,0,6.80463027674705
560,0,7.32631864957511
561,0,6.3056240323931
562,0,6.65725441649556
563,0,7.12217995896935
564,0,7.75727862492204
