Index,Label,Amplitude
1,0,7.303636521101
2,0,8.52847006171942
3,1,92.8450883366168
4,1,388.919025659561
5,1,38.3327510207891
6,1,662.612229585648
7,1,320.40736079216
8,1,56.3196572475135
9,0,50.9666800498962
10,0,62.716007232666
11,0,86.50953322649
12,1,19.7107465937734
13,1,176.62697006017
14,1,25.7668662816286
15,0,13.2236653007567
16,1,19.5292888674885
17,0,6.71902624890208
18,0,6.21761486399919
19,0,5.44548194557137
20,0,5.78665462671779
21,0,5.67052513360977
22,0,10.5698592960835
23,0,6.29146507708356
24,0,7.84800690598786
25,0,5.69864534190856
26,0,6.23757764697075
27,0,5.58319586707512
28,0,7.7598930511158
29,0,5.83499961066991
30,0,7.43972905911505
31,0,5.62688667559996
32,0,5.74113384936936
33,0,6.55512744560838
34,0,5.44663239270449
35,0,8.32433102186769
36,0,6.28294213674963
37,0,5.40058838669211
38,0,6.0364194214344
39,0,5.60451849014498
40,1,65.8688247203827
41,0,6.62317359820008
42,1,21.7149382806383
43,0,5.60472748475149
44,0,6.10274029895663
45,0,6.35098828934133
46,0,5.71703986497596
47,0,5.3548582654912
48,0,5.49074192531407
49,0,6.14878407213837
50,0,5.46837318688631
51,0,5.60326335835271
52,0,9.77598578901961
53,0,5.58178382925689
54,0,5.87618030840531
55,0,5.922329146415
56,0,5.37764484761283
57,0,8.27896688133478
58,0,5.42347980081104
59,0,5.83212364290375
60,0,5.44532520143548
61,1,10.3245916543528
62,1,7.77996052056551
63,0,6.23757764697075
64,0,6.28539954777807
65,0,7.12217995896935
66,0,11.8400566279888
67,0,7.39436503499746
68,0,11.6585996001959
69,0,19.1436931490898
70,0,12.0895598083735
71,0,6.78644527215511
72,0,5.80661790445447
73,0,6.96340529248118
74,0,14.0175381675363
75,0,5.81101007992402
76,0,10.0935352966189
77,0,8.05214582942426
78,0,6.4417168032378
79,0,6.10148510895669
80,0,5.97219011979178
81,0,5.69624005220248
82,0,5.62756627914496
83,0,5.51708413695451
84,0,5.97109190857736
85,0,6.81477444595657
86,0,7.5304577476345
87,0,6.29245847812854
88,0,7.136036430893
89,0,6.98608718812466
90,0,5.49267639871687
91,0,5.56025211699307
92,0,5.76428638305515
93,0,5.67235525522847
94,0,5.6284551974386
95,0,5.62720053130761
96,0,5.69613568950444
97,0,5.5595199810341
98,0,5.62861212529242
99,0,5.96539257094264
100,0,5.65082352841273
101,0,5.5380929261446
102,0,9.86671447753906
103,0,6.03887692159333
104,0,24.08839185955
105,0,9.54916421324015
106,0,8.18823836743832
107,0,17.3291247338057
108,0,13.7226711958647
109,0,6.96340529248118
110,0,10.1842638105154
111,0,57.6805844902992
112,0,8.07482842355967
113,0,18.3498207479715
114,0,7.37759156618267
115,0,6.23757764697075
116,0,6.26026000827551
117,0,23.430610075593
118,0,6.89535867422819
119,0,6.24223152408376
120,0,9.88939590752125
121,0,8.14287434332073
122,0,8.62798281013966
123,0,9.7759859636426
124,0,18.2590913027525
125,0,9.27697960287333
126,0,13.7142753228545
127,0,6.50976318866014
128,0,6.08685554470867
129,0,49.1974763572216
130,0,6.0847117274534
131,0,5.88078210421372
132,0,6.35998210054822
133,0,5.7191837913706
134,0,8.34701303392649
135,0,5.78607968054712
136,0,5.96696126740426
137,0,5.78607943316456
138,0,5.73909425293095
139,0,5.96664741169661
140,0,5.92243374558166
141,0,5.67188492277637
142,0,6.0355829045875
143,0,5.46858244342729
144,0,5.92342723393813
145,0,5.5141034827102
146,0,11.3637326285243
147,0,6.48708082735538
148,0,6.07880298048258
149,0,6.33254158310592
150,0,6.64951570797712
151,0,5.69629238452762
152,0,6.14956847857684
153,0,6.74144690856338
154,0,5.56014757603407
155,0,6.21855608187616
156,0,6.62604963872582
157,0,5.96795452293009
158,0,7.4881783220917
159,0,5.58324786834419
160,0,8.60399368684739
161,0,7.74667516816407
162,0,8.31754482351243
163,0,7.70272256340832
164,0,11.3680835347623
165,0,6.39635266270489
166,0,5.65150365764566
167,0,7.17627617996186
168,0,6.83421466965228
169,0,6.71751005575061
170,0,6.29000103799626
171,0,5.62939662086137
172,0,5.58141761757724
173,0,5.85700193187222
174,0,6.40618253964931
175,0,6.01682218257338
176,0,6.10148534178734
177,0,7.18087749555707
178,0,6.3056240323931
179,0,7.98409967683256
180,0,5.515044729691
181,0,5.97307924181223
182,0,6.3056240323931
183,0,6.55512744560838
184,0,10.5018133763224
185,0,8.34701326675713
186,0,6.24510750640184
187,0,6.31242177041713
188,0,6.80463062599301
189,0,7.59850372560322
190,0,6.37367041781545
191,0,7.10101390723139
192,0,5.51593354612123
193,0,8.5057879332453
194,0,5.581522200373
195,0,5.96539257094264
196,0,5.3332219395088
197,0,5.74108149157837
198,0,8.09750985354185
199,0,5.4925197182456
200,0,5.42264299292583
201,0,5.49100316129625
202,0,5.53636736003682
203,0,6.91804103553295
204,0,5.74285921175033
205,0,6.23757787980139
206,0,7.23559013567865
207,0,6.91804103553295
208,0,5.83217578241602
209,0,8.46042344346642
210,0,7.05413357354701
211,0,6.21489575132728
212,0,6.37367041781545
213,0,5.87466428987682
214,0,8.91406607115641
215,0,12.6112485304475
216,0,6.03343895636499
217,0,12.6566123217344
218,0,11.2049579620361
219,0,8.91406554728746
220,0,6.35098828934133
221,0,6.23757764697075
222,0,7.32631888240576
223,0,6.28294190391898
224,0,5.55993831949309
225,0,7.4397292919457
226,0,6.94072293117642
227,0,5.26480952976272
228,0,5.44705084757879
229,0,5.37759263534099
230,0,5.53673339891247
231,0,5.46889606994228
232,0,5.62751386314631
233,0,5.62788004754111
234,0,6.12416712101549
235,0,5.40069308772217
236,0,6.14684936590493
237,0,5.58225427812431
238,0,9.9574422929436
239,0,8.00678203813732
240,0,8.34701303392649
241,0,7.57582159712911
242,0,5.72101393481717
243,0,5.92002854682505
244,0,6.01075682789087
245,0,6.08581001870334
246,0,9.39039036165923
247,0,6.94072293117642
248,0,6.94072269834578
249,0,8.34701303392649
250,1,22.001639008522
251,0,6.67794933542609
252,0,6.58021474373527
253,0,5.51509707293008
254,0,5.51582922344096
255,0,5.42374141514301
256,0,5.65129416463606
257,0,10.3657199069858
258,0,6.57780934125185
259,0,6.99429656378925
260,0,7.29256239719689
261,0,5.44778286348446
262,1,16.768294852227
263,0,5.51535858539864
264,0,6.17256409168476
265,0,5.73982653440908
266,0,6.96920929476619
267,0,5.69874991197139
268,0,5.83463360089809
269,0,6.79031433537602
270,0,6.6091715125367
271,0,6.28294190391898
272,0,6.81587244616821
273,0,6.1729826265946
274,0,8.67439282592386
275,0,8.52847006171942
276,0,9.05015878379345
277,1,16.3359868147381
278,0,5.3782201721333
279,0,7.41704693064094
280,0,6.62317359820008
281,0,5.74082008097321
282,0,5.55951992282644
283,0,5.37774956319481
284,0,5.46826898062136
285,0,5.37780195008963
286,0,17.5786279141903
287,0,82.9938054084778
288,0,5.26522791187745
289,0,5.60587770451093
290,1,6.21489575132728
291,0,5.53652443522878
292,0,5.58450270909816
293,0,6.99774781242013
294,0,6.15343794925138
295,0,6.31357205566019
296,0,5.74306873022579
297,0,7.26914848200977
298,0,241.29219353199
299,0,203.775997462799
300,0,217.770855873823
301,0,196.99404865969
302,0,211.351811885834
303,0,228.249988285825
304,0,200.309089152142
305,0,224.099153652787
306,0,243.424309184775
307,0,227.708337828517
308,0,240.339539945126
309,0,13.7226711958647
310,0,7.75727862492204
311,0,7.56934890523553
312,0,6.06202956987545
313,0,5.35480605321936
314,0,6.91804103553295
315,0,6.37832412030548
316,0,6.88203644676832
317,0,5.35480582038872
318,0,5.78900775872171
319,0,5.67486550426111
320,0,9.23611192411045
321,0,15.6189328990877
322,0,5.6743425084278
323,0,5.81174224680581
324,0,5.85443957243115
325,0,5.69775648546056
326,0,6.01661333348602
327,0,6.08235865365714
328,0,6.08471193118021
329,0,6.17638148833066
330,0,6.22409884817898
331,0,6.03615802538116
332,0,5.53908642905299
333,0,6.10692330519669
334,0,7.77150155045092
335,0,9.88877983763814
336,0,5.5117504671216
337,0,5.67371472425293
338,0,5.89734641835093
339,0,5.89990854496136
340,0,5.49131690058857
341,0,5.83139163791202
342,0,5.46811206731945
343,0,5.96539257094264
344,0,5.55972912115976
345,0,5.5826727184467
346,0,7.1918469038792
347,0,5.37816784344614
348,0,10.864726267755
349,0,5.47056953655556
350,0,5.60655747540295
351,0,5.44715538853779
352,0,5.71881770156324
353,0,5.67413301905617
354,0,5.67287829471752
355,0,5.6504053354729
356,0,5.65192167414352
357,0,5.46936699720391
358,0,5.72075240779668
359,0,5.46832120744511
360,0,5.67559734918177
361,0,5.76412957161665
362,0,7.41882500005886
363,0,6.31132361013442
364,0,5.53736084839329
365,0,5.60368137666956
366,0,5.81101016723551
367,0,6.38020667247474
368,0,6.17502169916406
369,0,6.08528690645471
370,0,6.19942965568043
371,0,5.96957583911717
372,0,5.78832789324224
373,0,5.96847775159404
374,0,6.94788643158972
375,0,6.56098360195756
376,0,9.7759859636426
377,0,7.21290800720453
378,0,7.05413334071636
379,0,6.62317359820008
380,0,10.7286339625716
381,0,11.8400566279888
382,0,27.7402102947235
383,0,9.66257508844137
384,0,16.1723382771015
385,0,8.66456236690283
386,0,10.8193624764681
387,0,6.94072293117642
388,0,5.89734641835093
389,0,6.80463016033173
390,0,5.46811206368147
391,0,7.39436503499746
392,0,5.69508958142251
393,0,5.9669089387171
394,0,5.53673336980864
395,0,5.60519797727466
396,0,5.33191458089277
397,0,5.49058470642194
398,0,6.82731252163649
399,0,5.5344324791804
400,0,6.05612108483911
401,0,5.92196319485083
402,0,6.0123256771476
403,0,5.76392048969865
404,0,6.1056682607159
405,0,5.83149614976719
406,0,5.55941548373085
407,0,5.65061433007941
408,0,5.65228750929236
409,0,7.89467839058489
