Index,Label,Amplitude
1,1,42.869171127677
2,1,24.020346114412
3,0,155.168257653713
4,1,265.403270721436
5,1,30.7072065770626
6,0,11.7720104753971
7,1,500.026013702154
8,0,8.61919857561588
9,1,84.1959565877914
10,0,13.5638965293765
11,1,19.6426995098591
12,1,351.323068141937
13,1,6.6458557266742
14,1,12.9968435503542
15,0,5.01535891089588
16,0,5.42374118231237
17,0,5.783936008811
18,0,6.26026000827551
19,0,5.35647914512083
20,0,5.17423809651518
21,0,7.7119143679738
22,0,5.28492964804173
23,0,5.12939674081281
24,0,5.42327049333835
25,0,5.53636737458874
26,0,5.28696904075332
27,0,5.12929225806147
28,0,5.55711472406983
29,0,6.32830616086721
30,0,20.5273013561964
31,0,10.8420443721116
32,0,12.4978376552463
33,0,6.53244508430362
34,0,8.95943026989698
35,0,8.27896688133478
36,0,7.71191448438913
37,0,6.03343878174201
38,0,6.21489575132728
39,0,8.64188047125936
40,0,6.3056240323931
41,0,7.03145132865757
42,0,8.46042379271239
43,0,8.23360298090847
44,0,6.39635237166658
45,0,6.23757764697075
46,0,6.26026000827551
47,0,5.37565804552287
48,0,5.10593034414342
49,1,247.257590293884
50,0,5.22012513829395
51,0,7.65280972700566
52,0,7.14486185461283
53,0,7.09949759766459
54,0,10.2296276018023
55,0,6.64585549384356
56,0,8.16555600613356
57,0,8.86870175600052
58,0,8.12019244767725
59,0,7.16754409950227
60,0,11.8173750815913
61,0,9.63989272713661
62,0,6.8499946501106
63,0,8.4377417806536
64,0,6.19221350643784
65,0,7.0087690546643
66,0,8.93674790859222
67,0,8.98211169987917
68,0,6.75926636904478
69,0,7.03145144507289
70,0,14.7660477086902
71,0,6.21489563491195
72,0,7.34900077804923
73,0,8.36969498777762
74,0,12.5432023778558
75,0,11.3637326285243
76,0,18.6900515109301
77,0,10.5925416573882
78,0,15.2650540694594
79,0,13.3370757102966
80,0,10.0028067827225
81,0,14.3124060705304
82,0,13.2690295577049
83,0,5.82929980009794
84,0,6.21489575132728
85,0,5.19420113414526
86,0,10.864726267755
87,0,5.33029390498996
88,0,6.28294190391898
89,0,8.98211169987917
90,0,13.7680349871516
91,0,6.30562426522374
92,0,6.94072293117642
93,0,10.6152230873704
94,0,8.43774154782295
95,0,6.30562426522374
96,0,6.32830616086721
97,0,12.134924530983
98,0,5.48906833864748
99,0,5.21855655824766
100,0,7.41704693064094
101,0,6.1942005995661
102,0,5.28492964804173
103,0,5.03730903437827
104,0,5.19540373352356
105,0,5.62814139993861
106,0,5.26350250584073
107,0,5.10666238551494
108,0,5.33212403934158
109,0,6.73658400774002
110,0,6.1496205162257
111,0,5.55711472406983
112,0,5.05952027742751
113,0,5.715889390558
114,0,5.10608738841256
115,0,5.21892250981182
116,0,5.56197774130851
117,0,5.12808938219678
118,0,7.37168308114633
119,0,5.80661781714298
120,0,5.37759276630823
121,0,6.10148506530095
122,0,12.9061155021191
123,0,14.2216774402186
124,0,7.37168284831569
125,0,8.86870143585838
126,0,5.90037897927687
127,0,8.14287416869774
128,0,10.7059518340975
129,0,5.62908296706155
130,0,5.15056229778565
131,0,10.9554547816515
132,0,5.01509723653726
133,0,5.15056230506161
134,0,5.08241163333878
135,0,5.23956527467817
136,0,7.59850407484919
137,0,7.59850395843387
138,0,5.4904277822061
139,0,5.67052513360977
140,0,5.21740628755651
141,0,5.80661790445447
142,0,5.19618810358224
143,0,6.57780957408249
144,0,5.19655416428577
145,0,6.50976318866014
146,0,7.16754421591759
147,0,5.17282640794292
148,0,5.24082029005513
149,0,5.08209801046178
150,0,5.30949395033531
151,0,5.47025573905557
152,0,5.28686429606751
153,0,5.30944197089411
154,0,5.1279324979987
155,0,7.7823136234656
156,0,7.16754409950227
157,0,5.33097353763878
158,0,5.49032352864742
159,0,5.4437043145299
160,0,5.58115623425692
161,0,6.26026000827551
162,0,9.93476068833843
163,0,8.91406554728746
164,0,5.783936008811
165,0,5.24139555636793
166,0,5.47020335216075
167,0,7.59850395843387
168,0,5.37759261351312
169,0,7.21290800720453
170,0,5.24144789960701
171,0,5.19969138986198
172,0,5.03720430424437
173,0,5.4437043145299
174,0,5.15051026741276
175,0,5.33149641705677
176,0,7.87068903446198
177,0,5.17361047968734
178,0,4.99089874210767
179,0,5.01457433711039
180,1,154.99259486387
181,0,8.34701303392649
182,0,5.30938952579163
183,0,5.22132788319141
184,0,5.10545962606557
185,0,5.69320726208389
186,0,5.69320749491453
187,0,5.1753362204181
188,0,6.3056240323931
189,0,5.60247898101807
190,0,6.03343895636499
191,0,6.32830616086721
192,0,6.19221350643784
193,0,6.84999441727996
194,0,6.62317359820008
195,0,7.62118585407734
196,0,7.87068903446198
197,0,10.6379054486752
198,0,9.68525744974613
199,0,11.2956864759326
200,0,8.48310627043247
201,0,9.34502575546503
202,0,6.46439893171191
203,0,7.5077754445374
204,0,8.25628452003002
205,0,7.98409967683256
206,0,5.3078730852576
207,0,5.37696504034102
208,0,5.03715206104971
209,0,4.99157852027565
210,0,5.15051018737722
211,0,6.87267654575408
212,0,6.60049123689532
213,0,6.21489598415792
214,0,5.82929991651326
215,0,5.44386109686457
216,0,7.89337127935141
217,0,5.26324106613174
218,0,8.5284699453041
219,0,7.4397292919457
220,0,7.12217995896935
221,0,6.87267677858472
222,0,5.26235204233672
223,0,5.26386863202788
224,0,5.62788004754111
225,0,8.58157296897843
226,0,5.42510079685599
227,0,5.28712576488033
228,0,5.42374106589705
229,0,5.24244131520391
230,0,5.28691655199509
231,0,5.44663245091215
232,0,5.30991243431345
233,0,5.7012076722458
234,0,5.73857175186276
235,0,6.19739048852352
236,0,5.21913184638834
237,0,5.19566505681723
238,0,5.715889390558
239,0,6.05612085200846
240,0,6.21489575132728
241,0,9.63989295996726
242,0,7.98409967683256
243,0,6.75926613621414
244,0,6.7819484975189
245,0,5.42238191701472
246,1,51.4430068433285
247,0,8.66456259973347
248,0,5.62557943339925
249,0,7.07681570202112
250,0,5.9880749322474
251,0,7.09949759766459
252,0,5.3325420449255
253,0,5.87466428987682
254,0,5.6478432379663
255,0,7.34900077804923
256,0,5.8519821614027
257,0,5.87466428987682
258,0,6.5324449678883
259,0,7.48509308323264
260,0,10.048170985101
261,0,36.9945056736469
262,0,6.46439869888127
263,0,5.69320749491453
264,0,5.17151900567114
265,0,5.39834005758166
266,0,7.51216767821461
267,0,5.70068460365292
268,0,5.49194435188838
269,0,5.5360012629535
270,0,5.10498910443857
271,0,5.44814880413469
272,0,5.63065124151763
273,0,5.2879099821439
274,0,5.17329675494693
275,0,5.33243743120693
276,0,5.15030087262858
277,0,5.219288457738
278,0,5.21923621272435
279,0,5.44746890955139
280,0,6.23757764697075
281,0,5.37565787089989
282,0,5.15061483019963
283,0,6.46439904812723
284,0,8.30164912622422
285,0,5.42442088772077
286,0,5.15098076721188
287,0,5.90084982104599
288,0,5.83133928012103
289,0,5.69320749491453
290,0,5.28764864429832
291,0,5.5136852315627
292,0,5.17287865659455
293,0,5.31074893660843
294,0,10.6605878099799
295,0,6.19221362285316
296,0,8.39237740729004
297,0,9.11820493638515
298,0,6.35098852217197
299,0,6.13232440082356
300,0,5.60692351427861
301,0,5.37910903403827
302,0,5.264757295663
303,0,5.21834735991433
304,0,8.73260851949453
305,0,5.53605376626365
306,0,5.49204903654754
307,0,5.82929980009794
308,0,5.94569099666842
309,0,6.39635242987424
310,0,6.87267677858472
311,0,5.24343475990463
312,0,6.23757799621671
313,0,5.21918412414379
314,0,5.53594906523358
315,0,5.51488788187271
316,0,6.48859736975282
317,0,5.47077850205824
318,0,5.40419638855383
319,0,6.58654159633443
320,0,5.85653126472607
321,0,8.39237775653601
322,0,13.518531806767
323,0,7.75727862492204
324,0,6.42891715688165
325,0,6.26026000827551
326,0,5.60645293444395
327,0,6.88051991164684
328,0,5.31367701478302
329,0,6.26977643696591
330,0,6.65531982667744
331,0,6.44171665771864
332,0,8.66456236690283
333,0,7.35574611462653
334,0,10.0708529353142
335,0,5.78926918387879
336,0,6.16953149437904
337,0,6.64585584308952
338,0,5.49377425340936
339,0,5.35616545676021
340,0,4.99204927473329
341,0,5.67324448638828
342,0,5.12808945495635
343,0,7.38276820629835
344,0,5.42368885726319
345,0,13.1367652211338
346,0,5.44621411245316
347,0,5.44882856775075
348,0,5.97239914350212
349,0,6.03887686884264
350,0,5.62908293068176
351,0,5.33390157215763
352,0,5.10728980589192
353,0,5.35297585884109
354,0,5.3322805906646
355,0,5.28655049856752
356,0,5.03788387868553
357,0,5.01358098699711
358,0,5.0823069177568
359,0,5.08288211131003
360,0,5.05952019011602
361,0,4.90132074628491
362,0,6.35098828934133
363,0,6.32830639369786
364,0,5.10498895891942
365,0,6.24123821035028
366,1,6.08580984408036
367,0,5.15145122335525
368,0,5.12788040214218
369,0,5.87659876327962
370,0,6.39635254628956
371,0,8.14287411049008
372,0,5.5360536207445
373,0,5.217667814577
374,0,7.73459672927856
375,0,5.26465267466847
376,0,13.0195261444896
377,0,5.06004337512422
378,0,7.96821486073895
379,0,5.6478432379663
380,0,5.9880749322474
381,0,8.37027074885555
382,1,23.6801132559776
383,0,6.14810441038571
384,0,5.80907541007036
385,0,9.12939442787319
386,0,5.5610364615859
387,0,6.60671383957379
388,0,5.46847798250383
389,0,5.58157468913123
390,0,6.35391636751592
391,0,5.85475354455411
392,0,5.44485467253253
393,0,6.94145483430475
394,0,6.21573239914142
395,0,6.39635231345892
396,0,9.09552228404209
397,0,6.28294190391898
398,0,5.48906857147813
399,0,5.24139555636793
400,0,5.35480584949255
401,0,5.28670732455794
402,0,7.73862272035331
403,0,11.2276403233409
404,0,8.64188047125936
405,0,7.03145144507289
406,0,9.14088683202863
407,0,10.932772886008
408,0,6.87267642933875
409,0,7.09949771407992
410,0,10.9327724203467
411,0,5.80661802086979
412,0,9.02747642248869
413,0,6.91804103553295
414,0,8.30164924263954
415,0,6.14684936590493
416,0,5.82930009113625
417,0,5.57979673612863
418,0,7.00088500161655
419,0,6.50976301403716
420,0,9.02747642248869
421,0,5.60247886460274
422,0,12.2256525792181
423,0,7.34900054521859
424,0,10.1842635776848
425,0,6.89535890705884
426,0,6.98608695529401
427,0,11.8854213505983
428,0,6.10148510895669
429,0,10.978136677295
430,0,9.11820493638515
431,0,6.55512721277773
432,0,11.2049579620361
433,0,6.21489557670429
434,0,6.71390199568123
435,0,5.7385714026168
436,0,6.14684936590493
437,0,6.84999441727996
438,0,6.62317365640774
439,0,5.53992280038074
440,0,6.05612085200846
441,0,6.28294190391898
442,0,6.28294213674963
443,0,6.39635231345892
444,0,8.34701303392649
445,0,6.69121969258413
446,0,6.3963524880819
447,0,8.73260910157114
448,0,7.00876937480643
449,0,6.60049135331064
450,0,11.8627389892936
451,0,7.71191425155848
452,0,9.20893345028162
453,0,7.9840999096632
454,0,7.57582159712911
455,0,5.69320749491453
456,0,6.356739992043
457,0,11.8627389892936
458,0,7.90184200741351
459,0,7.19958590343595
460,0,6.08424108941108
461,0,6.9686338538304
462,0,6.53244508430362
463,0,6.8499946501106
464,0,6.46439893171191
465,0,6.80740150710335
466,0,8.16555600613356
467,0,5.21944550564513
468,0,5.62720053130761
469,0,5.21934081916697
470,0,5.2188181434758
471,0,6.10148534178734
472,0,6.10179915383924
473,0,5.60279283672571
474,0,7.39436503499746
475,0,5.60247915564105
476,0,7.34900077804923
477,0,5.30970303225331
478,0,5.06046155351214
479,0,5.08267286932096
480,0,6.21489575132728
481,0,7.96298607019708
482,0,5.8519821614027
483,0,5.17334917094558
484,0,5.33364026341587
485,0,5.12803727178834
486,0,6.03343872353435
487,0,7.4397292919457
488,0,5.2652278682217
489,0,8.46042390912771
490,0,7.55313970148563
491,0,5.128194228746
492,0,9.18625108897686
493,0,7.4397292919457
494,0,4.9014254254871
495,0,5.28644595760852
496,0,5.19608334434452
497,0,6.60049123689532
498,0,5.19890722353011
499,0,6.03343872353435
500,0,5.08262058428954
501,0,5.03715197555721
502,0,5.12808943312848
503,0,11.6478512063622
504,0,8.48310596484225
505,0,13.541214633733
506,0,5.39834005758166
507,0,5.17444727302063
508,0,5.10556428343989
509,0,5.12782821897417
510,0,5.71975874481723
511,0,5.08204550351365
512,0,5.89734641835093
513,0,9.95744247120456
514,0,8.57383443508297
515,0,5.85449181562581
516,0,5.48906857147813
517,0,6.46439893171191
518,0,5.82929980009794
519,0,4.96952403045725
520,0,5.26418234221637
521,0,5.5824636365287
522,0,5.1501442794688
523,0,5.21923624910414
524,0,6.60049123689532
525,1,9.47072404960636
526,0,4.96947192186781
527,0,5.26371180603746
528,0,4.92384604876861
529,0,5.15082397032529
530,0,5.0598338857526
531,0,6.41903467476368
532,0,5.26423432165757
533,0,4.94616232026601
534,0,6.39635231345892
535,0,7.41704693064094
536,0,5.05978168803267
537,0,5.12829890067223
538,0,6.80463016033173
539,0,5.62683440512046
540,0,5.8519821614027
541,0,5.2410296339076
542,0,5.3116378840059
543,0,5.37565792910755
544,0,5.26543700834736
545,0,5.40017004823312
546,0,5.19540358800441
547,0,14.4938630983233
548,0,11.046183295548
549,0,5.57979708537459
550,0,8.34701303392649
551,0,5.49351307563484
552,0,5.06161188241094
553,0,5.19749539671466
554,0,5.15087624080479
555,0,5.69320749491453
556,0,5.60671440325677
557,0,5.47025573905557
558,0,5.60749869327992
559,0,6.14684959873557
560,0,7.14486185461283
561,0,5.94271067529917
562,0,7.87068903446198
563,0,5.33264654222876
564,1,8.00678180530667
