Index,Label,Amplitude
1,0,12.8834331408143
2,1,185.539595782757
3,0,7.9614173155278
4,0,8.64188070409
5,0,243.197474628687
6,1,476.818703114986
7,0,7.23689753795043
8,0,6.89697964116931
9,0,6.96523515216541
10,0,7.00971041806042
11,0,8.12019227305427
12,0,6.82987469190266
13,0,6.98864916921593
14,0,6.69414804724511
15,0,7.55622476208373
16,0,7.10038639954291
17,0,7.21431996498723
18,0,6.89792100456543
19,0,6.76193290564697
20,0,7.21479061758146
21,0,6.73763006489025
22,0,6.76161900628358
23,0,7.21588847227395
24,0,7.14752834755927
25,0,7.48739429218404
26,0,7.05664320048527
27,0,6.67109977803193
28,0,7.87330347520765
29,0,6.87466352246702
30,0,7.14679672091734
31,0,7.03359543695115
32,0,7.64899236673955
33,0,7.83154740929604
34,0,7.07854088250315
35,0,7.08173040766269
36,0,7.80734873842448
37,0,7.0768155856058
38,0,8.07482819072902
39,0,6.80546715739183
40,0,6.94291904801503
41,0,6.78424906072905
42,0,7.12406233651564
43,0,6.87325184117071
44,0,7.71400611847639
45,0,7.05669549824961
46,0,7.14690097083803
47,0,6.60279218573123
48,0,6.62568314146483
49,0,6.96533953305334
50,0,6.69278838904575
51,0,6.92013262596447
52,0,7.55653824307956
53,0,6.89713659812696
54,0,7.37450648739468
55,0,6.89708450227045
56,0,7.0566953800153
57,0,6.80593767901883
58,0,6.92002766299993
59,0,7.14690124732442
60,0,7.01002433197573
61,0,7.21625443839002
62,0,6.78278473787941
63,0,7.17052441905253
64,0,7.12510815355927
65,0,6.87487270624842
66,0,8.87251838867087
67,0,6.92028945195489
68,0,8.30426340689883
69,0,7.14726700971369
70,0,7.23762957204599
71,0,7.89771115523763
72,0,7.19247461529449
73,0,7.59850395843387
74,0,10.3884025011212
75,0,9.73062124103308
76,0,8.55967507231981
77,0,7.66655034385622
78,0,7.93873565271497
79,0,8.73260910157114
80,0,8.68724472820759
81,0,7.77996052056551
82,0,7.89739741412632
83,0,7.67177907982841
84,0,7.42332171648741
85,0,7.14711034379434
86,0,6.96476479060948
87,0,7.03249737853184
88,0,7.21578409138601
89,0,7.26093900448177
90,0,7.14653524482856
91,0,6.80614646989852
92,0,7.01070395007264
93,0,7.4868189112749
94,0,8.80065513774753
95,0,7.03390900162049
96,0,7.87487245543161
97,0,7.46690809319261
98,0,6.99032247939613
99,0,7.19022593693808
100,0,7.08021449099761
101,0,6.94312819541665
102,0,6.96638545196038
103,0,7.17015861300752
104,0,7.05585890682414
105,0,7.0557544240728
106,0,7.14779028203338
107,0,7.30567571008578
108,0,6.92112582328264
109,0,7.05612057936378
110,0,6.98864912556019
111,0,6.9891200037091
112,0,6.64894040528452
113,0,7.01091303199064
114,0,6.48938160156831
115,0,7.3285146499984
116,0,7.51154045428848
117,0,6.96513062575832
118,0,6.98796965298243
119,0,6.92060295841657
120,0,7.14486173819751
121,0,7.03573914506705
122,0,7.1011188410921
123,0,10.6152235530317
124,0,7.92107300367206
125,0,7.24128971341997
126,0,7.44302349630743
127,0,8.75529088079929
128,0,8.78142412693705
129,0,7.75727885775268
130,0,7.03302008332685
131,0,7.08010976086371
132,0,6.76198525616201
133,0,6.898025276314
134,0,6.94239616859704
135,0,6.71505223726854
136,0,7.03469308427884
137,0,6.73993062810041
138,0,7.01059919083491
139,0,6.8751341314055
140,0,6.89786874863785
141,0,6.94187326007523
142,0,7.0567477014265
143,0,7.1474238357041
144,0,6.80666950938758
145,0,6.73919865221251
146,0,7.01059942366555
147,0,7.1937816683203
148,0,7.1919517358765
149,0,7.35088301007636
150,0,7.26109617244219
151,0,7.28247061670118
152,0,8.23553733789595
153,0,7.01059942366555
154,0,7.60101358173415
155,0,7.03432742739096
156,0,6.89745022100396
157,0,6.89771190081956
158,0,7.21494747995166
159,0,7.30614643543959
160,0,8.37173458421603
161,0,6.94365132221719
162,0,6.87403598567471
163,0,6.96554877504241
164,0,6.69257953995839
165,0,7.0332812902052
166,0,7.48880562605336
167,0,7.01059961284045
168,0,7.28220917517319
169,0,7.35224277013913
170,0,7.05627718707547
171,0,7.14778999099508
172,0,6.96638536464889
173,0,6.98807433946058
174,0,7.12395744631067
175,0,7.10127537604421
176,0,7.05674805612944
177,0,7.05638184444979
178,0,7.39812972824438
179,0,6.89755491475808
180,0,7.03354299912462
181,0,6.82976977986982
182,0,8.10028123669326
183,0,7.3499419959262
184,0,7.30714010205702
185,0,6.44485423254082
186,0,6.78247117321007
187,0,7.26031172234798
188,0,6.89697958296165
189,0,6.5573756583035
190,0,6.51112273044419
191,0,6.87513434240827
192,0,7.03458848875016
193,0,7.05627733259462
194,0,8.30457732081413
195,0,6.94365138042485
196,0,6.80745385034243
197,0,7.1691648918204
198,0,7.55554486931942
199,0,7.05711387854535
200,0,7.26078202569624
201,0,7.01185438083485
202,0,6.96638566842012
203,0,6.87607529835077
204,0,6.85151101788506
205,0,6.80698319047224
206,0,6.73919857217697
207,0,6.96591478481423
208,0,7.39593361504376
209,0,6.91960941185243
210,0,7.23783886860474
211,0,6.73820520751178
212,0,10.7079911977053
213,0,7.28419658116763
214,0,6.9880741648376
215,0,6.85114512452856
216,0,7.57843608153053
217,0,7.53286261897301
218,0,6.76067781751044
219,0,7.21541812708892
220,0,7.44150707032531
221,0,7.03364743822021
222,0,6.9195574396872
223,0,7.1014846325852
224,0,6.78320304359659
225,0,7.19315450260183
226,0,7.03275878913701
227,0,7.91605329141021
228,0,6.94312834821176
229,0,6.91945262951776
230,0,7.1476854463981
231,0,8.0309800687246
232,0,6.85213861288503
233,0,6.89593396964483
234,0,7.23710685269907
235,0,6.76109647611156
236,0,6.6476336796768
237,0,7.17245886335149
238,0,7.00955340289511
239,0,7.12610152550042
240,0,7.62118585407734
241,0,7.89337139576674
242,0,7.16796242340934
243,0,7.53317648195662
244,0,7.03369983602897
245,0,6.57969166059047
246,0,7.23945940262638
247,0,6.87497720718966
248,0,6.67062954744324
249,0,7.1928406614461
250,0,7.19168996147346
251,0,7.01169736748852
252,0,7.51018087248667
253,0,6.73783897946123
254,0,6.94260527961887
255,0,6.80598977487534
256,0,7.89525336585939
257,0,11.703964555636
258,0,9.14088683202863
259,0,7.55795025906991
260,0,7.12448050035164
261,0,6.82971772039309
262,0,8.00950091797858
263,0,6.80656486656517
264,0,6.73878013913054
265,0,6.67062919819728
266,0,6.73883230774663
267,0,6.9884924669168
268,0,6.80672179441899
269,0,6.92023691954091
270,0,7.16890348121524
271,0,7.23799568368122
272,0,6.44276238745078
273,0,6.96575810434297
274,0,7.32919445727021
275,0,7.01127893989906
276,0,7.26020688125573
277,0,7.21526087727398
278,0,7.30551884043962
279,0,6.760887146811
280,0,7.28299356705975
281,0,6.87534328608308
282,0,7.1471624833066
283,0,6.96586254343856
284,0,7.19184684567153
285,0,6.92117832659278
286,0,7.1919517358765
287,0,6.76120075513609
288,0,7.26208961168595
289,0,6.92002786672674
290,0,7.16843307600357
291,0,7.68923229770735
292,0,6.87455892330036
293,0,6.89792107732501
294,0,7.10179837187752
295,0,6.87455898150802
296,0,6.9883880278212
297,0,7.19163793837652
298,0,7.21432018326595
299,0,7.94176798081025
300,0,7.37482006661594
301,0,6.80557161103934
302,0,7.21541796519887
303,0,7.12521263631061
304,0,7.05585879040882
305,0,6.96565362159163
306,0,7.19263136852533
307,0,10.9554547816515
308,0,7.14731955667958
309,0,7.01091309747426
310,0,6.89781627443153
311,0,7.17005389742553
312,0,6.80687883868814
313,0,6.87288576591527
314,0,6.64810419948481
315,0,6.57943013356999
316,0,7.17031508975197
317,0,6.89802561828401
318,0,6.98807425396808
319,0,6.91976641246583
320,0,7.50981492456049
321,0,6.7164116553613
322,0,6.94459216538235
323,0,7.26005021715537
324,0,7.2383617516607
325,0,6.87623239355162
326,0,7.60038624866866
327,0,6.85234760021558
328,0,8.59871246939292
329,0,6.89781627443153
330,0,6.92018452900811
331,0,6.71620256616734
332,0,6.76046868466074
333,0,7.05716635275166
334,0,6.57895987387747
335,0,7.0574799865426
336,0,7.01148812368046
337,0,6.83081578608835
338,0,7.12458504131064
339,0,6.94286668294808
340,0,6.4445401658304
341,0,6.69299789296929
342,0,7.10143231117399
343,0,6.62536942763836
344,0,7.69101001787931
345,0,7.12312088580802
346,0,6.89781652181409
347,0,7.23799562547356
348,0,6.96607169084018
349,0,6.92060295841657
350,0,6.69362489134073
351,0,6.9426575792022
352,0,6.78268045885488
353,0,6.82940401748056
354,0,8.46042367629707
355,0,10.7513158582151
356,0,6.9417164195329
357,0,6.78409231477417
358,0,6.82903804408852
359,0,7.05617254425306
360,0,7.48812599704252
361,0,6.6702634212561
362,0,7.10111856460571
363,0,7.30536208720878
364,0,6.92008012265433
365,0,7.44134996784851
366,0,6.9427099369932
367,0,7.26135736476863
368,0,7.10101379081607
369,0,6.85271370457485
370,0,6.85229531154619
371,0,6.96528749540448
372,0,8.05439447867684
373,0,7.05502231721766
374,0,6.92008030455327
375,0,6.80635566823184
376,0,7.07937770857825
377,0,6.87387923244387
378,0,7.32814893126488
379,0,7.57890655950177
380,0,7.39765921753133
381,0,6.91987109894399
382,0,7.75879475986585
383,0,6.82961315760622
384,0,6.9654444232583
385,0,6.94338965695351
386,0,7.17204064130783
387,0,7.89337093010545
388,0,7.35124928178266
389,0,7.96445010928437
390,0,6.82898570084944
391,0,6.67062928550877
392,0,7.05591127189109
393,0,7.41955683042761
394,0,7.19320638017962
395,0,6.98844011276378
396,0,6.5578983630985
397,0,6.60326294200786
398,0,8.39415527298115
399,0,7.17036780770286
400,0,6.5338047570549
401,0,6.98702831869014
402,0,6.69263150484767
403,0,6.67062913998961
404,0,7.0324971457012
405,0,7.17136097955517
406,0,7.01080868020654
407,0,7.07943018642254
408,0,7.41866789758205
409,0,6.69304998154985
410,0,6.58005759760272
411,0,6.98755118355621
412,0,7.03328136296477
413,0,7.32841047283728
414,0,8.30457726260647
415,0,7.16958346311003
416,0,6.96649005112704
417,0,7.48734197986778
418,0,7.07927296025446
419,0,7.05732314781926
420,0,7.19257880700752
421,0,6.89839145343285
422,0,6.78309865179472
423,0,6.73768223714433
424,0,7.12416664464399
425,0,7.14747646998148
426,0,6.92044613242615
427,0,6.98833560454659
428,0,7.16968791493855
429,0,6.71745757972531
430,0,7.05648644361645
431,0,7.21573169721523
432,0,6.71599345878349
433,0,6.37607558564923
434,0,6.78451044950634
435,0,6.67068164329976
436,0,6.80750622996129
437,0,6.94333718092821
438,0,7.41987052606419
439,0,7.07969168797717
440,0,7.32814887305722
441,0,7.23815259698313
442,0,7.01023332658224
443,0,7.07942978624487
444,0,8.16843245411292
445,0,8.25832429109141
446,0,6.96429406525567
447,0,6.58031922648661
448,0,7.05601597292116
449,0,7.32914240506943
450,0,6.89792081539053
451,0,7.55444704554975
452,0,7.07922079891432
453,0,6.87408845988102
454,0,6.78367388900369
455,0,6.87550005568482
456,0,7.37440202647122
457,0,6.82919499377022
458,0,6.92013249499723
459,0,7.28309841360897
460,0,7.21520907245576
461,0,8.48514525569044
462,0,6.6706814995996
463,0,7.21641132986406
464,0,7.10153704858385
465,0,7.32846273240284
466,0,7.07848861929961
467,0,6.87633689813083
468,0,7.01023323927075
469,0,7.39650870673358
470,0,6.91934814676642
471,0,7.16906024899799
472,0,6.91976620873902
473,0,6.78383083140943
474,0,7.26099117309786
475,0,7.05606801057002
476,0,6.82940406841226
477,0,7.07927331859537
478,0,7.19263131031767
479,0,6.87466375529766
480,0,7.07895949017256
481,0,7.44171634141821
482,0,6.60368098942854
483,0,7.10232113488019
484,0,7.01028556795791
485,0,7.14920173049904
486,0,6.46643812069669
487,0,6.69263181043789
488,0,6.87539573118556
489,0,6.78435352165252
490,0,7.12604922591709
491,0,6.71583651273977
492,0,7.48922425918863
493,0,7.21473817247897
494,0,6.98734220350161
495,0,6.98760346858762
496,0,7.44276185287163
497,0,7.62380060041323
498,0,6.78503308154177
499,0,7.23961665062234
500,0,7.39687459281413
501,0,6.87513421871699
502,0,6.73768216802273
503,0,7.07922070432687
504,0,7.01143609694554
505,0,6.94182081497274
506,0,6.7833075299859
507,0,6.82882888941094
508,0,6.94297160953283
509,0,7.17000151053071
510,0,6.9215440453263
511,0,8.23511912312824
512,0,6.55721896328032
513,0,6.53396169218468
514,0,7.10085703758523
515,0,6.81137572973967
516,0,7.01096527336631
517,0,6.80708794970997
518,0,6.87518632184947
519,0,7.75921322929207
520,0,6.80745379213477
521,0,6.69336349528749
522,0,6.80640799691901
523,0,7.03317708394025
524,0,6.96549665008206
525,0,6.85203383545741
526,0,6.96549672284164
527,0,6.78419675386976
528,0,16.6486613452435
529,0,7.10221647750586
530,0,6.85297515883576
531,0,7.28095462545753
532,0,7.23700213711709
533,0,7.4209163285559
534,0,7.39687494933605
535,0,7.14737150883593
536,0,7.37262389156967
537,0,7.12479420872114
538,0,6.67036790400743
539,0,6.96523531951243
540,0,6.94265743368305
541,0,6.55680062482134
542,0,6.98833585192915
543,0,6.85250433161855
544,0,7.05669564194977
545,0,7.48786473559448
546,0,6.71656882332172
547,0,7.51232470793184
548,0,7.4654440395534
549,0,7.16879866376985
550,0,7.26025912445039
551,0,6.73773436574265
552,0,6.96507815155201
553,0,6.80829053453635
554,0,7.10137985879555
555,0,6.94323279094533
556,0,7.07775662885979
557,0,6.89677067566663
558,0,7.91814488184173
559,0,7.10127540514804
560,0,9.05015820171684
561,0,6.87764406757196
562,0,10.3884022682905
563,0,7.48723727883771
564,0,7.0802144400659
565,0,7.28268011152977
566,0,7.14784229057841
567,0,6.62578810806735
568,0,6.89614305156283
569,0,7.30604160344228
570,0,7.14658759534359
571,0,7.53291524597444
572,0,6.82893331395462
573,0,6.76088724867441
574,0,7.7590566361323
575,0,7.32982195768273
576,0,7.94030421820935
577,0,7.23857077537104
578,0,6.64742448134348
579,0,6.6027398352162
580,0,6.89650920685381
581,0,7.03302002511919
582,0,7.37340850173496
583,0,6.96486918604933
584,0,7.05564982490614
585,0,7.39656106452458
586,0,7.03338606217585
587,0,7.32773056370206
588,0,7.48645290150307
589,0,6.6709429374896
590,0,7.05564973759465
591,0,6.76099146949127
592,0,7.48708030005218
593,0,7.07990053342655
594,0,7.07859356771223
595,0,7.14690126187634
596,0,7.03516393696191
597,0,7.07948210765608
598,0,6.57932547619566
599,0,7.6460640411824
600,0,7.123800663976
601,0,6.92096920101903
602,0,7.35098763834685
603,0,6.98849247419275
604,0,7.19294502050616
605,0,7.28325515228789
606,0,7.12500334338984
607,0,6.8077152245678
608,0,6.78351701935753
609,0,6.69315451523289
610,0,6.76073040813208
611,0,7.5562245619949
612,0,7.78241833904758
613,0,6.71646420960315
614,0,6.9429191207746
615,0,8.16890269197756
616,0,7.16979228309356
617,0,7.03401370265055
618,0,7.4210733291693
619,0,6.85266132131801
620,0,6.80687866042717
621,0,6.69226580066606
622,0,6.96528759726789
623,0,6.87555260083172
624,0,7.67156970687211
625,0,6.85355036694091
626,0,7.03417055046884
627,0,6.57901205704547
628,0,7.17104753130116
629,0,7.53202626947314
630,0,6.73925068986136
631,0,8.07671045185998
632,0,6.71604585659225
633,0,7.07848859019578
634,0,6.66926996200345
635,0,6.85198168503121
636,0,7.39624729612842
637,0,7.05575459869578
638,0,6.92028951016255
639,0,6.80666961852694
640,0,7.49105436261743
641,0,7.25921359844506
642,0,6.89807791786734
643,0,6.91960947733605
644,0,6.48974758041732
645,0,7.01091333758086
646,0,9.18860381352715
647,0,7.26052065147087
648,0,6.76120069692843
649,0,6.98932886007242
650,0,6.46638582111336
651,0,6.42081255500671
652,0,6.98728970019147
653,0,7.28351640282199
654,0,7.07927328767255
655,0,7.05941463820636
656,0,9.1971792280674
657,0,6.85271376278251
658,0,6.85219049046282
659,0,6.89907123160083
660,0,6.78519034408964
661,0,6.8289857081254
662,0,6.60294899716973
663,0,6.87424551870208
664,0,7.39603844704106
665,0,6.71520932519343
666,0,7.19153345562518
667,0,6.60273979883641
668,0,6.49027031977312
669,0,8.80065513774753
670,0,8.00678157247603
671,0,7.28362113295589
672,0,7.87068926729262
673,0,6.98943360475823
674,0,7.10221647750586
675,0,6.66853785514832
676,0,12.9741619148263
677,0,7.08005728665739
678,0,7.41704716347158
679,0,7.1695308706694
680,0,7.35135359354899
681,0,7.46528727177065
682,0,6.9896430359222
683,0,7.19268358079717
684,0,7.44129804661497
685,0,7.28194788098335
686,0,7.80264264903963
687,0,6.98608730453998
688,0,7.59850395843387
689,0,8.98436088755261
690,0,7.39671805786202
691,0,7.26025953554199
692,0,7.05502231721766
693,0,6.80531008401886
694,0,7.46507818985265
695,0,6.6932592599187
696,0,7.3301356023876
697,0,7.19205607310869
698,0,6.73925074806903
699,0,6.62641553208232
700,0,7.3062511291937
701,0,7.1241146652028
702,0,6.82909024180844
703,0,7.84800667315722
704,0,7.46241118758917
705,0,6.39896679786034
706,0,6.69362506960169
707,0,7.17000168515369
708,0,7.10226889168553
709,0,7.21599307144061
710,0,6.67104765307158
711,0,6.69320681663521
712,0,7.12343462510034
713,0,6.89718898502178
714,0,7.23825690511148
715,0,6.60179875558242
716,0,7.05544085940346
717,0,7.16953079972882
718,0,7.19226541696116
719,0,7.30609397578519
720,0,7.64700541913044
721,0,6.73768209526315
722,0,7.44161152397282
723,0,6.8517200415954
724,0,7.14763313590083
725,0,6.8530794524122
726,0,6.78435348527273
727,0,6.69315446430119
728,0,7.19236978329718
729,0,8.37183935436769
730,0,7.05585898685968
731,0,6.92096926650265
732,0,6.82966527529061
733,0,6.94276229478419
734,0,7.73789046070306
735,0,6.98849261607393
736,0,7.05659121740609
737,0,7.30530970031396
738,0,6.89682288793847
739,0,7.0789593301015
740,0,7.44213434518315
741,0,7.19236997247208
742,0,6.71552280982723
743,0,6.67083865118911
744,0,6.69383420608938
745,0,7.4196612695232
746,0,6.87570933587267
747,0,6.69325923081487
748,0,8.39457369875163
749,0,7.46429385617375
750,0,6.76203769398853
751,0,7.96366581926122
752,0,7.09949768497609
753,0,6.96565331600141
754,0,7.19257912714966
755,0,6.71761416015215
756,0,6.92055083345622
757,0,6.76172372186556
758,0,7.10247832466848
759,0,6.60268753199489
760,0,7.01112200840726
761,0,7.07916866667802
762,0,7.21479067578912
763,0,7.48734181979671
764,0,7.03385641099885
765,0,6.73888500023168
766,0,6.7166733515478
767,0,6.8284629687696
768,0,7.28257522860076
