Index,Label,Amplitude
1,1,10.6152230873704
2,1,34.5221571624279
3,0,5.49053253052989
4,1,474.855586886406
5,1,15.5629535438493
6,1,14.8794585838914
7,0,299.6985912323
8,0,150.268915109336
9,0,147.410976700485
10,1,585.470397025347
11,1,9.50625771656632
12,1,38.423478603363
13,0,7.68923223949969
14,1,31.6415317356586
15,0,6.26026000827551
16,1,26.2658735737205
17,0,11.3410502672195
18,1,53.0541613698006
19,1,13.8360816054046
20,1,404.011709615588
21,1,130.859554745257
22,1,440.383203327656
23,1,93.427574262023
24,1,461.648792028427
25,1,55.66187761724
26,1,194.290891289711
27,0,5.35506723099388
28,0,5.44590022764169
29,0,5.53626293549314
30,0,10.4255164187634
31,0,5.74024487286806
32,0,5.69482822902501
33,0,5.71745808701962
34,0,5.67282586416695
35,0,5.67214615875855
36,0,5.40053602890112
37,0,5.35511976340786
38,0,5.74134284397587
39,0,5.99063682602718
40,0,6.03662856156006
41,0,5.40032709250227
42,0,5.24197053164244
43,0,5.49126451369375
44,0,5.30986017838586
45,0,7.11534102447331
46,0,5.70575660094619
47,0,5.58183633256704
48,0,5.55889256065711
49,0,5.5366812448483
50,0,5.4916829103604
51,0,5.44537752284668
52,0,5.4008501174394
53,0,5.35559031413868
54,0,5.42321836110204
55,0,5.55962469661608
56,0,5.28707359626424
57,0,5.44658018043265
58,0,5.44584827730432
59,0,5.26449597964529
60,0,9.57184657454491
61,0,8.15134542062879
62,0,6.75926636904478
63,0,7.73459672927856
64,0,10.864726267755
65,0,7.7119143679738
66,0,10.2749913930893
67,0,8.80222377600148
68,0,9.41307190805674
69,0,11.4544611424208
70,0,11.2276398576796
71,0,18.1683636619709
72,0,23.0223331600428
73,0,45.7951612770557
74,0,38.8998053967953
75,0,24.5193522423506
76,0,18.5539592057467
77,0,16.6942362775444
78,0,18.3725021779537
79,0,17.6920387893915
80,0,18.4405483305454
81,0,18.0776342749596
82,0,17.3291247338057
83,0,20.7314398139715
84,0,19.8241566540673
85,0,17.3291253158823
86,0,2231.45467042923
87,0,17.8961772471666
88,0,2231.45467042923
89,0,7.62327760457993
90,0,8.91756913915742
91,0,7.50986719503999
92,0,5.49121241783723
93,0,5.60457047686214
94,0,5.33248975989409
95,0,5.28681181458523
96,0,5.4919966351008
97,0,5.33222840749659
98,0,6.89870514906943
99,0,9.75748628843576
100,0,5.78461564145982
101,0,6.94135040976107
102,0,9.50563052901998
103,0,6.4417168032378
104,0,6.44171657040715
105,0,5.51384233403951
106,0,6.12416747026145
107,0,5.71829495311249
108,0,5.80813421402127
109,0,5.83180975809228
110,0,5.78623671026435
111,0,5.71751041570678
112,0,5.42353180935606
113,0,5.37795889249537
114,0,5.49173521721968
115,0,6.01258681854233
116,0,6.05727132642642
117,0,5.46889637189452
118,0,6.07895999564789
119,0,5.44490676838905
120,0,5.30975544825196
121,0,5.83149614976719
122,0,5.53641957230866
123,0,5.30954627902247
124,0,5.46816441783449
125,0,5.26392093161121
126,0,5.30986010562629
127,0,5.7633977576188
128,0,5.30959854950197
129,0,5.53668104112148
130,0,5.71756268618628
131,0,5.26412978069857
132,0,5.80944155808538
133,0,5.5596245219931
134,0,5.85449211939704
135,0,5.85799512919039
136,0,5.64909813692793
137,0,7.07681570202112
138,0,5.46863488852978
139,0,5.74312085518613
140,0,5.60504125314765
141,0,5.51405144506134
142,0,5.55915420409292
143,0,5.73857175186276
144,0,5.67261665128171
145,0,5.62725262716413
146,0,5.67052513360977
147,0,5.62793258177408
148,0,7.19022611156106
149,0,5.33296063076705
150,0,5.94903755700216
151,0,5.92598936054856
152,0,5.69535131216981
153,0,5.42306167335482
154,1,16.7886248091236
155,0,5.44631874072365
156,0,6.37916056439281
157,0,6.21709172264673
158,0,6.4269823487848
159,0,6.0167700285092
160,0,5.33186257234775
161,0,5.535896809306
162,0,5.37795861600898
163,0,5.35564246820286
164,0,5.92191051691771
165,0,5.60446592862718
166,0,5.24144782684743
167,0,6.08173129148781
168,0,5.58178385836072
169,0,5.71803329512477
170,0,5.44558682304341
171,0,5.49095106543973
172,0,5.55931079725269
173,0,5.3767035715282
174,0,6.47062121424824
175,0,5.42102218605578
176,0,5.74003579095006
177,0,7.40764639340341
178,0,6.38224591966718
179,0,7.47480359859765
180,0,6.06202974449843
181,0,6.19221362285316
182,0,6.14684936590493
183,0,5.76601189095527
184,0,7.47720943763852
185,0,7.72346986923367
186,0,8.63624457269907
187,0,6.01075682789087
188,0,6.28294190391898
189,0,5.6725122849457
190,0,6.24463660642505
191,0,5.37999777588993
192,0,7.46241118758917
193,0,6.8596153287217
194,0,6.15312397712842
195,0,6.78670665365644
196,0,5.92248603061307
197,0,5.49121235962957
198,0,5.64983018557541
199,0,6.28498129663058
200,0,8.42938642017543
201,0,5.99152571521699
202,0,11.2276403233409
203,0,6.1288209981285
204,1,8.57383385300636
205,0,5.90278423624113
206,0,5.51452187937684
207,0,5.74019268970005
208,0,5.35491046321113
209,0,10.0902519188821
210,0,5.69864551653154
211,0,6.65762019343674
212,0,5.87670350796543
213,0,5.67287823650986
214,0,5.58220196398906
215,0,5.35449200833682
216,0,9.20893345028162
217,0,5.44600494322367
218,0,5.26475737569854
219,0,6.88282051123679
220,0,6.10603418317623
221,0,5.28691655199509
222,0,6.83677650522441
223,0,11.1144499387592
224,0,6.90299301641062
225,0,5.72059529076796
226,0,5.99163043079898
227,0,5.83139143418521
228,0,5.85857045371085
229,0,5.30975559377111
230,0,5.49105558457086
231,0,5.53683791076764
232,0,5.49142138333991
233,0,6.30724523216486
234,0,10.2296276018023
235,0,5.56051346939057
236,0,5.536628596019
237,0,5.65281079616398
238,0,5.65035309409723
239,0,5.49126468831673
240,0,5.40079751226585
241,0,5.35538126132451
242,0,5.65082386310678
243,0,9.23161488026381
244,0,5.42300916276872
245,0,5.60472765937448
246,0,5.62725252530072
247,0,5.71855629095808
248,0,6.03343872353435
249,0,5.44605721370317
250,0,5.58183621615171
251,0,5.51431276835501
252,0,5.37801091559231
253,0,5.37733134115115
254,0,11.2049579620361
255,0,5.60540723381564
256,0,6.01300550624728
257,0,5.71871327701956
258,0,5.69566490594298
259,0,5.69508975604549
260,0,5.37795870332047
261,0,6.74176072061528
262,0,6.40707183629274
263,0,5.92295684327837
264,0,5.64993463922292
265,0,5.28702103474643
266,0,5.55936321325134
267,0,5.55925877415575
268,0,5.46884405775927
269,0,5.51368543528952
270,0,5.46811200911179
271,0,5.35501525882864
272,0,5.31022611539811
273,0,6.10472704283893
274,0,5.30996444285847
275,0,5.40053613076452
276,0,5.46842557378113
277,0,5.35485810542013
278,0,5.49116020556539
279,0,5.74040151695954
280,0,5.53683770704083
281,0,5.83186230505817
282,0,6.19451433885843
283,0,6.42096946830861
284,0,5.64993475563824
285,0,5.71777206641855
286,0,5.40037930477411
287,0,5.40027456008829
288,0,5.46779815340415
289,0,5.5595199810341
290,0,5.3553811594611
291,0,5.49225811846554
292,0,5.71803338971222
293,0,5.58199288207106
294,0,5.35559019772336
295,0,5.44595294923056
296,0,5.78712543938309
297,0,5.55972923757508
298,0,5.30965093639679
299,0,6.64758129278198
300,0,5.58220213861205
