Index,Label,Amplitude
1,1,41.3267868570983
2,1,18.3271374553442
3,1,200.645864009857
4,1,475.986994802952
5,1,482.571547850966
6,1,59.7673356533051
7,1,112.316750921309
8,1,469.723641872406
9,1,229.91981357336
10,1,210.966221988201
11,1,33.1873141694814
12,1,34.5902055269107
13,1,464.121162891388
14,1,77.8608173131943
15,0,7.12217995896935
16,0,6.19284098502249
17,0,10.7966801151633
18,0,6.10148534178734
19,0,5.8773834243766
20,0,5.94490655930713
21,0,6.03469391353428
22,0,6.01295282831416
23,0,5.74118597432971
24,0,7.14486185461283
25,0,5.92211994808167
26,0,6.80463016033173
27,0,7.9160537570715
28,0,6.12657237797976
29,0,5.92259035329334
30,0,6.21981068979949
31,0,8.86870175600052
32,0,5.87466405704618
33,0,5.53673348622397
34,0,10.3430384770036
35,0,5.76480916060973
36,0,5.64967322861776
37,0,5.51410371554084
38,0,8.41505971038714
39,0,6.87267677858472
40,0,5.95065834932029
41,0,5.85532846162096
42,0,7.19022611156106
43,0,11.9761498644948
44,0,7.55313970148563
45,0,6.14684959873557
46,0,6.64585549384356
47,0,8.64188093692064
48,0,5.74144773418084
49,0,6.28294190391898
50,0,5.69576950510964
51,0,5.89933316223323
52,0,5.44626649934798
53,0,5.60509355273098
54,0,5.5593634606339
55,0,5.73857175186276
56,0,5.49115985631943
57,0,5.90043124975637
58,0,5.78618413419463
59,0,5.67402879823931
60,0,5.74061064980924
61,0,6.05763733619824
62,0,5.89854887221009
63,0,5.76266564894468
64,0,5.6957172928378
65,0,6.4417168032378
66,0,6.17162318667397
67,0,5.74139523450867
68,0,5.69827947765589
69,0,5.55952009744942
70,0,5.64962111820932
71,0,5.62761881155893
72,0,5.92191086616367
73,0,5.85470098303631
74,0,6.21489551849663
75,0,6.50976318866014
76,0,16.1269740201533
77,0,25.6988201290369
78,0,14.5619083195925
79,0,17.1476677060127
80,0,15.7867423258722
81,0,15.7640613615513
82,0,18.2364098727703
83,0,13.8587635010481
84,0,13.3597571402788
85,0,14.2897237092257
86,0,18.0095881223679
87,0,14.2216766253114
88,0,13.6999888345599
89,0,13.6319422163069
90,0,13.7226711958647
91,0,14.5845906808972
92,0,14.9248223751783
93,0,11.567872017622
94,0,18.1683637201786
95,0,12.6339299604297
96,0,12.3844277113676
97,0,13.2236648350954
98,0,17.3971708863974
99,0,10.9781371429563
100,0,20.8675339818001
101,0,13.5865788906813
102,0,28.2845795154572
103,0,18.1910451501608
104,0,15.4011463746428
105,0,13.4958503767848
106,0,17.3291247338057
107,0,6.15077128168195
108,0,7.4510759441182
109,0,6.28885076730512
110,0,6.51875697076321
111,0,6.97239895816892
112,0,5.90084974101046
113,0,5.78665494685993
114,0,6.58214942086488
115,0,6.0823590029031
116,0,5.80855249427259
117,0,6.17486489136354
118,0,6.08392723370343
119,0,5.90194780670572
120,0,5.7191313826479
121,0,7.55313970148563
122,0,5.53751773986733
123,0,6.01358048152179
124,0,5.60415237123379
125,0,5.55941538186744
126,0,5.94548160006525
127,0,5.78623655019328
128,0,6.03343872353435
129,0,5.74102933751419
130,0,5.78576576663181
131,0,5.74165652506053
132,0,6.01504465157632
133,0,5.69461914710701
134,0,5.69529880885966
135,0,5.83123473916203
136,0,6.08146993909031
137,0,5.64993475563824
138,0,5.763606633991
139,0,5.64998682966689
140,0,5.80881402129307
141,0,5.62761869514361
142,0,5.55925857042894
143,0,5.80829108366743
144,0,5.76543703209609
145,0,6.12908223411068
146,0,5.80985969463654
147,0,5.55988590349443
148,0,5.85491042875219
149,0,6.08173129148781
150,0,5.71819033939391
151,0,9.36770811676979
152,0,6.82731252163649
153,0,8.73260851949453
154,0,7.12217995896935
155,0,8.73260898515582
156,0,8.59359931200743
157,0,8.98211216554046
158,0,6.46439893171191
159,0,8.27896688133478
160,0,6.58465927699581
161,0,5.96800696803257
162,0,7.25827226415277
163,0,6.14684959873557
164,0,5.83201902918518
165,0,7.84800667315722
166,0,8.12019221484661
167,0,6.64585549384356
168,0,7.09949759766459
169,0,7.09949759766459
170,0,6.55512744560838
171,0,6.14930700976402
172,0,7.80264288187027
173,0,6.71390211209655
174,0,6.87267677858472
175,0,7.28095462545753
176,0,6.05920609086752
177,0,7.59850395843387
178,0,5.96821625367738
179,0,6.39635231345892
180,0,6.14684959873557
181,0,6.19456666754559
182,0,5.87712170090526
183,0,5.58241130784154
184,0,5.89912396389991
185,0,6.55920570716262
186,0,5.6046753161354
187,0,5.94569102395326
188,0,6.94072293117642
189,0,5.69514208473265
190,0,5.83212362835184
191,0,11.1595941707492
192,0,5.92306116595864
193,0,6.85626908671111
194,0,5.6736628030194
195,0,6.53600075747818
196,0,10.0254891440272
197,0,8.05214606225491
198,0,5.78607968054712
199,0,5.60441389097832
200,1,10.297674452886
201,0,6.03532127570361
202,0,5.87811530567706
203,0,17.351808026433
204,0,5.76350203482434
205,0,6.96716993115842
206,0,6.28681137459353
207,0,6.6039424855262
208,0,6.9670130033046
209,0,6.76726642996073
210,0,6.96852919645607
211,0,5.67240768577904
212,0,7.4533242295729
213,0,6.61026973102707
214,0,7.565009254904
215,0,6.22043839393882
216,0,7.04065432364587
217,0,7.47276455513202
218,0,10.2500200737268
219,0,8.26899125240743
220,0,6.17470833094558
221,0,16.4045669371262
222,0,7.63352600188227
223,0,6.15223492786754
224,0,8.06464313063771
225,0,6.79224927444011
226,0,6.40346400905401
227,0,6.31534983403981
228,0,11.2585946917534
229,0,5.85726334247738
230,0,6.94474915508181
231,0,5.62955322675407
232,0,11.7074267473072
233,0,5.69451443152502
234,0,5.7882234614226
235,0,6.17381915799342
236,0,5.69508963963017
237,0,6.35621731635183
238,0,6.05904927942902
239,0,5.85637436597608
240,0,5.87764463853091
241,0,5.74129063170403
242,0,5.76125364750624
243,0,6.19942951016128
244,0,5.69545578764519
245,0,5.60545965709025
246,0,6.62934337742627
247,0,6.10655749915168
248,0,5.53704705089331
249,0,5.71714458055794
250,0,6.26026000827551
