Index,Label,Amplitude
1,1,408.196903765202
2,0,13.5865788906813
3,1,269.531399011612
4,0,8.86870129033923
5,1,160.396855324507
6,1,39.1739355400205
7,1,681.506395339966
8,1,30.9383869171143
9,1,50.9440004825592
10,0,8.23360309004784
11,0,13.4958508424461
12,1,109.168953262269
13,1,410.87734606117
14,1,203.02748773247
15,0,6.30562426522374
16,0,8.02946370095015
17,0,6.28294213674963
18,0,5.53443282842636
19,0,6.48708082735538
20,0,7.43972905911505
21,0,8.05214582942426
22,0,6.82731252163649
23,0,8.80065513774753
24,0,7.39436480216682
25,0,7.02168431598693
26,0,6.66853785514832
27,0,8.16555600613356
28,0,7.77996052056551
29,0,13.97217460908
30,0,9.29966103285551
31,0,10.0028067827225
32,0,5.96539257094264
33,0,6.67094299569726
34,0,7.69127160310745
35,0,8.46042367629707
36,0,7.42483837530017
37,0,6.21693499851972
38,0,8.32715490832925
39,0,6.39828713610768
40,0,9.30426316335797
41,0,8.21092072874308
42,0,5.81038254313171
43,0,10.9554547816515
44,0,9.14088683202863
45,0,6.23757787980139
46,0,6.47030724212527
47,0,6.90189469605684
48,0,5.49131678417325
49,0,5.42311391473049
50,0,5.40189564344473
51,0,5.42102218605578
52,0,7.6438682153821
53,0,6.88010174781084
54,0,6.51823380030692
55,0,7.72226776462048
56,0,5.79068099614233
57,0,6.10906700603664
58,0,8.77797324210405
59,0,5.55711495690048
60,0,5.03673357889056
61,0,5.60477991530206
62,0,6.16953149437904
63,0,6.57780957408249
64,0,5.62746197829256
65,0,5.96539280377328
66,0,5.46847806253936
67,0,5.42368879541755
68,0,5.21881804161239
69,0,10.932772711385
70,0,5.37842929043109
71,0,5.26365922996774
72,0,5.24197060440201
73,0,7.48640077654272
74,0,6.8499946501106
75,0,5.94271067529917
76,0,7.55313970148563
77,0,10.4337665252388
78,0,7.28095462545753
79,0,6.55512744560838
80,0,11.0235009342432
81,0,9.5038004219532
82,0,16.5806151926517
83,1,27.9897134751081
84,1,13.6999888345599
85,1,36.6315916180611
86,0,23.3625639230013
87,0,10.0254891440272
88,1,8.64188041305169
89,0,9.63989272713661
90,0,7.7119143679738
91,0,6.2148958677426
92,0,5.98807469941676
93,0,5.4437043145299
94,0,8.32433113828301
95,0,6.19221350643784
96,0,7.05413334071636
97,0,9.29966126568615
98,0,6.12416747026145
99,0,5.62516110949218
100,0,5.85198192857206
101,0,5.89734641835093
102,0,6.06459169648588
103,0,6.23757799621671
104,0,7.16754421591759
105,0,5.57979685254395
106,0,5.35485836735461
107,0,5.88156643789262
108,0,6.94072293117642
109,0,5.40027496754192
110,0,5.76324065332301
111,0,5.92002831399441
112,0,6.98608718812466
113,0,5.92002831399441
114,0,5.96654321998358
115,0,6.91924354759976
116,0,6.44312868826091
117,0,5.71641229907982
118,0,5.35454474447761
119,0,5.67183241582825
120,0,5.4921013652347
121,0,6.66853785514832
122,0,5.7189223007299
123,0,7.98409967683256
124,0,5.49131707521155
125,0,5.17481309361756
126,0,5.67690440220758
127,0,5.74081984086661
128,0,5.28738717548549
129,0,5.42102218605578
130,0,5.37738343700767
131,0,5.71641224087216
132,0,5.60462271096185
133,0,5.55784674361348
134,0,6.73731591086835
135,0,5.17350592417642
136,0,7.30363640468568
137,0,5.83102559903637
138,0,5.35454439523164
139,0,5.23956562392414
140,0,5.10540741379373
141,0,5.33238549542148
142,0,5.35579948336817
143,0,5.08345740672667
144,0,5.19718166106031
145,0,5.46910538105294
146,0,5.69467171226279
147,0,5.73857175186276
148,0,6.73658400774002
149,0,5.12819408322684
150,0,5.76224719407037
151,0,5.85198227781802
152,0,5.35480614053085
153,0,5.26747643016279
154,0,5.57979708537459
155,0,6.35098852217197
156,0,7.58612283971161
157,0,6.32830621907488
158,0,8.95943003706634
159,0,5.72221638867632
160,0,8.36969539523125
161,0,5.62516110949218
162,0,5.92002843040973
163,0,5.55915397126228
164,0,9.45843663066626
165,0,11.4998249337077
166,0,5.80661790445447
167,0,5.87466405704618
168,0,5.64909813692793
169,0,5.60247898101807
170,0,5.83018877659924
171,0,7.07681546919048
172,0,7.07681570202112
173,0,6.26026000827551
174,0,6.05612108483911
175,0,5.71588962338865
176,0,5.42489165673032
177,0,8.36969539523125
178,0,8.34701303392649
179,0,7.07681570202112
180,0,7.39436503499746
181,0,6.01075682789087
182,0,5.76125388033688
183,0,6.21489575132728
184,0,6.46439869888127
185,0,6.12416723743081
186,0,6.16953149437904
187,0,5.33228079439141
188,0,5.37785399137647
189,0,5.42306154966354
190,0,5.69320726208389
191,0,5.28702110750601
192,0,4.99163096537814
193,0,5.35517190292012
194,0,5.12819405412301
195,0,5.62688664649613
196,0,5.94532503600931
197,1,10.7739977538586
198,0,7.60096147860168
199,0,11.0461830627173
200,0,6.46439893171191
201,0,8.09750985354185
202,0,6.89535890705884
203,0,5.55925857042894
204,0,5.2417092374526
205,0,5.64962095813826
206,0,5.30975562287495
207,0,5.51342376274988
208,0,7.57582159712911
209,0,5.76376338722184
210,0,11.3183688372374
211,0,5.4913691492402
212,0,6.94265763740987
213,0,5.44574338709936
214,0,7.19022611156106
215,0,11.0461837612092
216,0,5.9051375137642
217,0,6.51473051402718
218,0,8.013631333597
219,0,5.62819356855471
220,0,5.67345332092373
221,0,5.62767114024609
222,0,5.42102206964046
223,0,5.87701727636158
224,0,5.40037914470304
225,0,5.55978139163926
226,0,5.21928855596343
227,0,5.44605700997636
228,0,5.35297580063343
229,0,5.7401402737014
230,0,5.26622148754541
231,0,6.2920399941504
232,0,5.76282251859084
233,0,5.28675990062766
234,0,5.33217622432858
235,0,6.2148958677426
236,0,5.74217937537469
237,0,7.12217995896935
238,0,7.53045757301152
239,0,8.61919834278524
240,0,7.00876931659877
241,0,8.21092026308179
242,0,6.96340505965054
243,0,7.357262307778
244,0,7.87068903446198
245,0,6.50976318866014
246,0,9.88939590752125
247,0,7.6438682153821
248,0,10.0254891440272
249,0,7.28095439262688
250,0,5.67413331009448
251,0,6.07880298048258
252,0,6.46654277807102
253,0,8.00678157247603
254,0,8.46267235465348
255,0,7.19022611156106
256,0,10.0708525860682
257,0,5.96539280377328
258,0,5.8519821614027
259,0,7.05413334071636
260,0,10.8420442556962
261,0,8.48310580477118
262,0,8.14287434332073
263,0,5.73857151903212
264,0,5.73857151903212
265,0,5.8519821614027
266,0,6.28294190391898
267,0,6.01075682789087
268,0,7.59850395843387
269,0,5.78393589239568
270,0,5.37764493492432
271,0,5.42285208757676
272,0,5.58115664171055
273,0,5.30933728441596
274,0,5.21923604537733
275,0,7.89337093010545
276,0,5.42285246774554
277,0,5.40006547817029
278,0,6.3736701849848
279,0,7.09949759766459
280,0,5.60247909743339
281,0,7.05413345713168
282,0,5.73857151903212
283,0,6.94072293117642
284,1,12.8160258755088
285,0,5.6478432379663
