Index,Label,Amplitude
1,0,6.87267677858472
2,1,212.871514260769
3,1,470.632264390588
4,1,81.0658317059278
5,1,118.158420082182
6,1,74.5333852246404
7,1,19.8014751076698
8,1,192.933955229819
9,1,21.7067706398666
10,1,82.6762607321143
11,0,7.57582206279039
12,0,6.98608718812466
13,0,8.25628498569131
14,0,11.998831294477
15,0,10.1162173668854
16,0,6.07880298048258
17,0,6.48708106018603
18,0,7.80264288187027
19,0,5.94271067529917
20,0,6.69121998362243
21,0,6.75926613621414
22,0,9.6398931927979
23,0,7.59850395843387
24,0,6.66853785514832
25,0,8.75529088079929
26,0,5.58162704692222
27,0,5.60315896291286
28,0,5.80844812793657
29,0,5.67345364834182
30,0,5.51420790725388
31,0,5.536314973142
32,0,5.67329657860682
33,0,5.6052501895465
34,0,5.49163061805302
35,0,5.80850010737777
36,0,8.55115242302418
37,0,5.53709946689196
38,0,5.46868733363226
39,0,5.60441343259299
40,0,5.8089186786674
41,0,5.69566478952765
42,0,9.64679499156773
43,0,13.9590087346733
44,1,8.46042344346642
45,0,5.58126108080614
46,0,5.49220570974285
47,0,5.3553810575977
48,0,5.76423438178608
49,0,9.1862513218075
50,1,8.823337033391
51,0,5.42295683044358
52,0,5.69508970511379
53,0,6.62317336536944
54,0,5.28921710792929
55,0,6.19498490414117
56,0,6.01436479882977
57,0,6.01744970481377
58,0,5.92405455245171
59,0,5.74155204230919
60,0,6.05868332786486
61,0,6.14684936590493
62,0,7.96141778118908
63,0,6.12803664989769
64,0,5.69718123006169
65,0,5.85783850692678
66,0,5.63086045440286
67,0,6.28294213674963
68,0,12.3617448844016
69,0,8.82333726622164
70,0,5.64983028743882
71,0,5.74301613960415
72,0,16.5125695057213
73,0,6.17810687981546
74,0,5.80996421922464
75,0,8.16555647179484
76,0,6.39635231345892
77,0,5.99429698195308
78,0,6.78586974208883
79,0,5.65108502814837
80,0,6.74296341458103
81,0,7.16754398308694
82,0,6.75926601979882
83,0,7.1902263443917
84,0,22.3714337334968
85,0,5.92002831399441
86,0,6.03343883994967
87,0,5.60739407956135
88,0,5.715889390558
89,0,7.19702348578721
90,0,6.16953161079437
91,0,6.12997128337156
92,0,6.31210785650183
93,0,6.2683644646313
94,0,7.41704716347158
95,0,6.17690425133333
96,0,7.59114243555814
97,0,14.3577698618174
98,0,6.29261537687853
99,0,6.24500276171602
100,0,11.1142294481397
101,0,6.08575745718554
102,0,10.9706709627062
103,0,6.78639276884496
104,0,6.1054593679728
105,0,5.46842560288496
106,0,6.83092034887522
107,0,5.78686397057027
108,0,7.93873547809198
109,0,11.3183688081335
110,0,18.0549519136548
111,0,7.34900077804923
112,0,5.71714452235028
113,0,6.71390164643526
114,0,11.0915475524962
115,0,7.14486185461283
116,0,5.76125364750624
117,0,6.4417168032378
118,0,12.0215138449566
119,0,12.5885661691427
120,0,12.9968441324309
121,0,6.44171657040715
122,0,7.68923200666904
123,0,96.829891204834
124,0,5.69320726208389
125,0,5.92002831399441
126,0,5.87539619300514
127,0,5.60760335065424
128,0,13.6773067333706
129,0,5.6728259078227
130,0,5.62767073643045
131,0,7.33238391694613
132,0,9.16356849484146
133,0,5.53641986334696
134,0,5.76177661423571
135,0,5.71724912151694
136,0,5.9443314676173
137,0,5.87675569113344
138,0,7.16754398308694
139,0,12.633930426091
140,0,6.33363984525204
141,0,5.92332269297913
142,0,5.51420806732494
143,0,8.18823860026896
144,1,16.0633720515762
145,0,6.17496970517095
146,0,8.27484705951065
147,0,6.58591388491914
148,0,7.87068903446198
149,0,10.4110846295953
150,0,5.49110762949567
151,0,5.4461619729409
152,0,5.51347626606002
153,0,5.49121247604489
154,0,5.89734630193561
155,0,6.46439893171191
156,0,5.64946423583024
157,0,5.58136566542089
158,0,5.33275116322329
159,0,7.5077754445374
160,0,5.9226430603303
161,0,5.85292332107201
162,0,5.53657667478547
163,0,5.62725262716413
164,0,12.8771285526454
165,0,5.44616163824685
166,0,5.78587036579847
167,0,5.51337155047804
168,0,5.85700175724924
169,0,7.13368318974972
170,0,5.97365444991738
171,0,6.15715049207211
172,0,5.60713250888512
173,0,6.29062840016559
174,0,6.04065478546545
175,0,6.0170836513862
176,0,5.69718144834042
177,0,5.97219017799944
178,0,5.85553761629853
179,0,8.17460217513144
180,0,12.3438849113882
181,0,8.50020424695686
182,0,7.60697480291128
183,0,9.11398010794073
184,0,6.15202623885125
185,0,5.5596767924726
186,0,5.65547728911042
187,0,5.60457042593043
188,0,7.79198703821748
189,0,17.5824678735808
190,0,6.94987350289011
191,1,7.21635913942009
192,0,6.26674361410551
193,0,9.20957181369886
194,0,5.53668092470616
195,0,5.58303872821853
196,0,6.30782026564702
197,0,5.80855272710323
198,0,5.49126480473205
199,0,5.53668112115702
200,0,6.12416735384613
201,0,5.80954615725204
202,0,5.58492098934948
203,0,7.38475541584194
204,0,6.05946771975141
205,0,5.51494023238774
206,0,8.9120902121067
207,0,5.65202630059503
208,0,5.62735726998653
209,0,6.04243297129869
210,0,5.74359140591696
211,0,6.35956384940073
212,0,6.0825677937828
213,0,6.17653853259981
214,0,6.88653334509581
215,0,7.17340037226677
216,0,5.51290111980052
217,0,6.53678504750133
218,0,5.78707322711125
219,0,5.60561614111066
220,0,6.6033675102517
221,0,5.99115964723751
222,0,5.42337502884038
223,0,5.94678905326873
224,0,5.46879147441359
225,0,6.3322278438136
226,0,5.67392399534583
227,0,6.35423010680825
228,0,5.334529269021
229,0,5.85538090672344
230,0,6.28890295047313
231,0,6.7187650129199
232,0,5.89891479467042
233,0,6.05826475657523
234,0,6.37795799411833
235,0,9.21724690124393
236,0,5.83175767678767
237,0,5.58209768496454
238,0,5.60441368725151
239,0,6.03788334410638
240,0,12.9166254773736
241,0,6.85605988837779
242,0,11.5451896563172
243,0,5.6478432379663
244,0,5.6726168259047
245,0,5.6478432379663
