Index,Label,Amplitude
1,1,215.411920100451
2,0,9.14088636636734
3,1,4.4463716330938
4,1,69.3575497716665
5,1,434.190414845943
6,1,190.711110830307
7,1,29.4370912015438
8,1,29.7362352721393
9,0,16.8528016656637
10,0,14.2670413479209
11,0,59.9414329044521
12,0,7.37607502378523
13,0,17.9415419697762
14,0,5.64972555730492
15,0,4.92201594170183
16,0,4.60446649231017
17,0,4.51630022143945
18,0,4.62960621007369
19,0,5.96539280377328
20,0,4.76528066792525
21,0,4.47072682436556
22,0,4.47224325034767
23,0,4.58178436383605
24,0,5.05810859613121
25,0,4.44799266551854
26,0,4.74055914673954
27,0,5.46638621017337
28,0,5.01274433918297
29,0,4.3103834905196
30,0,4.85501548973843
31,0,4.6286127762869
32,0,4.58298693411052
33,0,4.53851182101062
34,0,4.80923277791589
35,0,4.71981160080759
36,0,4.65166085632518
37,0,4.56061879231129
38,0,4.4923631940037
39,0,4.78712585754693
40,0,4.55999115365557
41,0,4.74055926315486
42,0,5.87633760005701
43,0,4.53814571665134
44,0,7.80264288187027
45,0,5.19760011229664
46,0,6.01075682789087
47,0,5.69404390989803
48,0,4.44773109484231
49,0,4.67549340100959
50,0,4.96858265250921
51,0,4.56077567650937
52,0,4.96868742629886
53,0,5.10582560673356
54,0,4.47015186364297
55,0,4.94511651049834
56,0,4.67371538979933
57,0,7.48509331606328
58,0,8.34701326675713
59,0,5.14883687719703
60,0,6.94689271040261
61,0,4.58398064074572
62,0,4.51562051603105
63,0,4.60755155654624
64,0,4.69718201929936
65,0,4.69718191016
66,0,4.42499671044061
67,0,4.37916198279709
68,0,4.56145518546691
69,0,4.4708314089803
70,0,4.58418959169649
71,0,4.4710929505527
72,0,4.53783197008306
73,0,6.14684959873557
74,0,4.5668933307752
75,0,6.94072316400707
76,0,4.4708836630889
77,0,4.69922123011202
78,0,4.46983813890256
79,0,5.28492941521108
80,0,4.49225874035619
81,0,4.37973701627925
82,0,4.47025633184239
83,0,4.51530677673873
84,0,4.99006221070886
85,0,6.12416712101549
86,0,4.96978537557879
87,0,5.3076115436852
88,0,6.82731228880584
89,0,5.26224751956761
90,0,8.23360262438655
91,0,4.8570023936918
92,0,6.8499946501106
93,0,13.5865787742659
94,0,4.60859737358987
95,0,5.8519821614027
96,0,12.3163806274533
97,0,7.8480071388185
98,0,4.89933392964303
99,0,6.35098828934133
100,0,8.50578770041466
101,0,6.39635254628956
102,0,7.77996075339615
103,0,5.04023692337796
104,0,5.31461846549064
105,0,4.76324115879834
106,0,4.90492867538705
107,0,9.1635687276721
108,0,4.51593426987529
109,0,4.69692051410675
110,0,4.5377274218481
111,0,4.9498223233968
112,0,4.90372610511258
113,0,5.38151437649503
114,0,5.01274433918297
115,0,4.60666256549302
116,0,4.44835859525483
117,0,4.53814573120326
118,0,4.44663304369897
119,0,5.42102218605578
120,0,5.55711495690048
121,0,4.87926619825885
122,0,4.67376771848649
123,0,4.69922120100819
124,0,4.56229184055701
125,0,11.4090967690572
126,0,5.01619531860342
127,0,5.05810871254653
128,0,5.03861609468004
129,0,4.51509753474966
130,0,4.87769761821255
131,0,4.5152545790188
132,0,4.49241558089852
133,0,4.85663639847189
134,0,4.92447341093794
135,0,4.56077553099021
136,0,5.60247898101807
137,0,4.53741382807493
138,0,4.42478753393516
139,0,4.49309522809926
140,0,4.44736498320708
141,0,5.14883687719703
142,0,5.96690870588645
143,0,6.66853781149257
144,0,4.56014805240557
145,0,4.5600434532389
146,0,4.90111176623031
147,0,4.7419187030755
148,0,4.60446672514081
149,0,4.94469795376062
150,0,4.49262472830014
151,0,4.55910246819258
152,0,8.32433067262173
153,0,4.42619936075062
154,0,5.13310905080289
155,0,4.26637881901115
156,0,4.40257605805527
157,0,5.30761166010052
158,0,4.56061874865554
159,0,4.445691825822
160,1,46.4008450508118
161,0,4.44726046407595
162,0,4.81064454652369
163,0,5.17632940318435
164,0,4.69519477337599
165,0,4.58403292577714
166,0,6.78524235263467
167,1,463.032409548759
168,0,5.42102218605578
169,0,4.74280759226531
170,0,4.78859009308508
171,0,4.8767562075227
172,0,4.71866127918474
173,0,4.78785787709057
174,0,4.51525440439582
175,0,4.42599033704028
176,0,5.0842939526774
177,0,5.78864163253456
178,0,5.2653324091807
179,0,5.56072278413922
180,0,4.67517954530194
181,0,4.90236666519195
182,0,4.63007693178952
183,0,4.5153591199778
184,0,4.44720825544209
185,0,4.37905735452659
186,0,4.49476856738329
187,0,4.5606187049998
188,0,8.39237752370536
189,0,4.67413361548097
190,0,5.0608275923878
191,0,4.63206373387948
192,0,4.74474221118726
193,0,4.60661030228948
194,0,6.23757764697075
195,0,5.10755134746432
196,0,5.12678240193054
197,0,6.05612108483911
198,0,4.71955034299754
199,0,5.6251612259075
200,0,4.49231099628378
201,0,4.76501891535008
202,0,4.49231098536984
203,0,4.40158240962774
204,0,5.03542646765709
205,0,4.56082797973067
206,0,4.49299068714026
207,0,5.23982693266589
208,0,5.67052536644042
209,0,5.21704016136937
210,0,5.12652099132538
211,0,5.28639348340221
212,0,5.03709948679898
213,0,6.16953161079437
214,0,5.37565804552287
215,0,5.08105197513942
216,0,4.85449252300896
217,0,5.80661790445447
218,0,5.19446267571766
219,0,5.05810836330056
220,0,4.92212034805561
221,0,5.12615486513823
222,0,4.58178436383605
223,0,5.28534791374113
224,1,5.62516087666154
225,0,4.8766516847536
226,0,4.92222492903238
227,0,5.10347250383347
228,0,4.94495955354068
229,0,4.99058494460769
230,0,4.51373809482902
231,0,4.53772752371151
232,0,5.14883716823533
233,0,4.92337567266077
234,1,156.27419995144
235,0,4.6046756542637
236,0,5.69320737849921
237,0,5.03709991608048
238,0,5.35297585884109
239,0,4.67366306111217
240,0,5.14967352501117
241,0,4.89954291697359
242,0,5.96575881354511
243,0,4.42473524890374
244,0,4.53741372621153
245,0,4.51541138318134
246,0,5.14883676078171
247,0,4.76402553613298
248,0,5.35318484617164
249,0,4.85449258121662
250,0,5.28529548319057
251,0,4.56114150438225
252,0,4.85512017621659
253,0,5.08131340029649
254,0,4.99089868390001
255,0,4.49252009457268
256,0,5.60373399639502
257,0,4.6744998981012
258,0,5.80750676454045
259,0,5.80687956244219
260,0,5.44417483615689
261,0,4.76517593779135
262,0,4.99100366141647
263,0,5.60247921384871
264,0,4.5382505049929
265,0,4.42447375098709
266,0,6.89593408606015
267,0,4.7633457397751
268,0,6.19221373926848
269,0,6.30562426522374
270,0,4.76397323654965
271,0,5.08162713958882
272,0,5.10477978968993
273,0,5.24061114992946
274,0,4.56067081177025
275,0,4.87743617850356
276,0,5.08220268238802
277,0,4.74134352407418
278,0,6.35098817292601
279,0,4.65150403033476
280,0,5.14967361232266
281,0,4.60619207296986
282,0,4.90043187164702
283,0,4.87858658016194
284,0,6.46539253648371
285,0,5.48938242718577
286,0,6.60049146972597
287,0,6.60049135331064
288,0,5.12704395805486
289,0,5.10394343291409
290,0,5.67136189783923
291,0,4.5821504900232
292,0,4.5378843205981
293,0,10.592540842481
294,0,5.08204569632653
295,0,6.21510485507315
296,0,4.74129128269851
297,0,5.64784306334332
298,0,5.58063364587724
299,0,4.99100338493008
300,0,6.12416747026145
301,0,4.65160862950142
302,0,5.03589693107642
303,0,5.42159730684943
304,0,6.6231737146154
305,0,5.03626299905591
306,0,4.76402559434064
307,0,4.83217652072199
308,0,5.12725292355753
309,0,5.89739879615081
310,0,5.87466411525384
311,0,6.50997205957538
312,0,5.73857175186276
313,0,5.33118293969892
314,0,6.8499946501106
315,0,6.01075694430619
316,0,5.48953920952044
317,0,5.26297965552658
318,0,8.05214606225491
319,0,6.05643464950845
320,0,7.57786101530655
321,0,6.12484710291028
322,0,5.96633373061195
323,0,6.32877685711719
324,0,6.23846656526439
325,0,5.76135811206768
326,0,5.85198227781802
327,0,5.80724520841613
328,0,5.30886661726981
329,0,5.71641235728748
330,0,7.23559036850929
331,0,6.03375275386497
332,0,5.37712231744081
333,0,5.64805228350451
334,0,5.2175628952682
335,0,6.57780957408249
336,0,5.30761189293116
337,0,6.01075694430619
338,0,6.98634872969706
339,0,5.33160113263875
340,0,5.94307656865567
341,0,5.2858707786072
342,0,4.69697284279391
343,0,5.26684889337048
344,0,5.71630777267274
345,0,4.80959884589538
346,0,8.12019233126193
347,0,5.37649463512935
348,0,4.6282991534099
349,0,5.98807469941676
350,0,4.87665180116892
351,0,8.93674790859222
352,0,5.08152274414897
353,0,6.12479483243078
354,0,4.51473161228932
355,0,4.46947195450775
356,0,6.82731252163649
357,0,7.87068903446198
358,0,5.05857917596586
359,0,4.65160864405334
360,0,4.65098094718996
361,0,4.56004362786189
362,0,6.7139018792659
363,0,4.60514624137431
364,1,472.934812307358
365,0,6.01143657695502
366,0,7.82532501034439
367,0,4.58293479459826
368,0,4.67366306111217
369,0,4.62866496673087
370,0,4.69702497503022
371,0,4.62798521039076
372,0,6.3056240323931
373,0,5.51211653510109
374,0,4.65071966755204
375,0,5.96539257094264
376,0,8.37021801271476
377,0,6.6458557266742
378,0,6.1946710338816
379,0,8.84826784022152
380,0,5.80745455226861
381,0,5.96617718110792
382,0,6.96701323613524
383,0,5.76318823732436
384,0,9.34502575546503
385,0,7.39886180963367
386,0,6.01164574618451
387,0,6.80609454866499
388,0,8.16613141796552
389,0,6.83217542245984
390,0,6.21583691099659
391,0,5.44558663386852
392,0,8.6909048477537
393,0,4.742284596432
394,0,4.53845952870324
395,0,4.72028227522969
396,0,6.08063308754936
397,0,4.67434286838397
398,0,6.78268016781658
399,0,4.53725687111728
400,0,4.42463075160049
401,0,4.65155619895086
402,0,4.6963975764811
403,0,5.92002848861739
404,0,4.49194485554472
405,0,4.6276715293061
406,0,4.46947195450775
407,0,5.69440994877368
408,0,5.0825162907131
409,0,6.53448421508074
410,0,5.46764128375798
411,0,5.67204161779955
412,0,4.51525454991497
413,0,5.89943781960756
414,0,4.92368923733011
415,0,4.69702522968873
416,0,5.85344620049
417,0,6.98932912200689
418,0,9.54916421324015
419,0,4.76454838644713
420,0,9.09745716489851
421,0,7.94067024253309
422,0,4.94595302734524
423,0,7.07875029183924
424,0,9.61993011878803
425,0,4.8551723593846
426,0,6.2632403569296
427,0,5.03704749280587
428,0,7.57942977361381
429,0,4.87952772527933
430,0,4.65197468292899
431,0,5.78529527410865
432,0,5.06098452024162
433,0,5.49126445548609
434,0,6.44516793545336
435,0,4.67444755486213
436,0,4.47036093100905
437,0,6.44338986603543
438,0,5.12751436326653
439,0,5.76371129136533
440,0,5.85522403707728
441,0,6.10305386362597
442,0,4.99262427911162
443,0,4.71970712533221
444,0,4.99351345933974
445,0,4.92374147870578
446,0,9.77959348529112
447,0,7.96528696082532
448,0,4.81111521366984
449,0,4.87874331884086
450,0,5.377174296882
451,0,6.73658400774002
452,0,6.05800317134708
453,0,5.94522035680711
454,0,5.28906041290611
