Index,Label,Amplitude
1,0,8.0391897354275
2,0,8.37157753994688
3,0,11.3679162459448
4,1,257.108293473721
5,1,134.351497516036
6,1,16.1950197070837
7,1,17.4652178538963
8,0,5.87466405704618
9,0,6.10148534178734
10,0,6.85365486424416
11,0,13.1329358555377
12,0,6.94072293117642
13,1,19.5973347872496
14,1,686.090439558029
15,1,21.0263073677197
16,0,6.94072309124749
17,1,440.985411405563
18,1,539.289645850658
19,1,244.626462459564
20,0,6.78194838110358
21,1,175.831645727158
22,0,5.85454405518249
23,0,5.46983745880425
24,0,6.01593364262953
25,0,5.53788371325936
26,0,5.65071892197011
27,0,5.42541444701783
28,0,5.51399914547801
29,0,5.44600520515814
30,0,6.14983015111648
31,0,5.83149603335187
32,0,5.65061450470239
33,0,6.55795080820099
34,0,5.74149961175863
35,0,5.55805576732382
36,0,5.44631876982749
37,0,5.8983396156691
38,0,5.55978165357374
39,0,5.57979708537459
40,0,5.63326547853649
41,0,5.44553459621966
42,0,6.37628487311304
43,0,5.64998685149476
44,0,5.71829464752227
45,0,5.76392048969865
46,0,5.76418190030381
47,0,5.74113373295404
48,0,6.26271740475204
49,0,5.55962469661608
50,0,5.58580982033163
51,0,5.69514214294031
52,0,5.6723554735072
53,0,26.8556093797088
54,0,9.10676433704793
55,0,16.5579337626696
56,0,11.6359181702137
57,0,9.98012442141771
58,0,9.45843663066626
59,0,104.133524000645
60,0,11.4826333010569
61,0,11.7266462766565
62,0,8.64188058767468
63,0,9.27697937004268
64,0,8.57383408583701
65,0,8.55115242302418
66,0,23.7935241311789
67,0,11.0688656568527
68,0,9.84727416653186
69,0,6.73658400774002
70,0,6.05789903784171
71,0,6.55894426745363
72,0,7.25038792006671
73,0,6.35538063943386
74,0,6.12970988731831
75,0,6.71829422935843
76,0,7.8537063091062
77,0,6.19665818521753
78,0,6.92107365466654
79,0,6.7185033694841
80,0,7.48509354889393
81,0,7.42400152375922
82,0,7.3716826736927
83,0,5.87842892855406
84,0,6.01499225012958
85,0,6.08282932080328
86,0,5.85600850172341
87,0,5.92447293456644
88,0,6.24165631597862
89,0,5.96968026366085
90,0,6.05910160811618
91,0,6.1731394380331
92,0,5.96968026366085
93,0,6.16953149437904
94,0,5.99168270127848
95,0,6.2421269249171
96,0,6.01452158298343
97,0,6.10488391248509
98,0,5.85579907055944
99,0,5.80980764061678
100,0,5.78764820238575
101,0,5.87738322792575
102,0,6.07963991933502
103,0,5.80996440839954
104,0,5.8320191456005
105,0,5.80912781879306
106,0,6.15113717503846
107,0,5.6955604813993
108,0,5.81027806038037
109,0,5.60472742654383
110,0,5.85569438408129
111,0,6.64847024017945
112,0,5.74134289490758
113,0,5.80980756785721
114,0,6.03641945053823
115,0,5.78655005665496
116,0,5.76313631609082
117,0,5.62803709181026
118,0,5.69550816726405
119,0,6.1499343282776
120,0,5.67319224501261
121,0,6.30740185442846
122,0,5.69592646206729
123,0,5.87466428987682
124,0,5.58251602342352
125,0,5.85260940715671
126,0,5.71808556560427
127,0,6.0363148804754
128,0,6.03610585676506
129,0,5.62740963505348
130,0,6.44171657040715
131,0,6.3056240323931
132,0,5.85334171773866
133,0,5.74014009907842
134,0,5.53689023945481
135,0,5.69409623858519
136,0,6.19540311163291
137,0,6.10383824096061
138,0,5.62730482488405
139,0,5.62667730264366
140,0,5.7181378651876
141,0,5.85266179405153
142,0,5.64946391386911
143,0,6.19911565445364
144,0,8.34701303392649
145,0,5.72200736496598
146,0,6.53244508430362
147,0,5.96858227800112
148,0,6.80463016033173
149,0,9.02747642248869
150,0,12.4524738639593
151,0,6.91804103553295
152,0,7.68923229770735
153,0,8.02178867161274
154,0,6.32830616086721
155,0,5.9894867008552
156,0,6.44971709698439
157,0,10.3203561156988
158,0,7.20355939120054
159,0,6.20110239833593
160,0,8.4106782451272
161,0,10.7286339625716
162,0,7.32631888240576
163,0,7.12217995896935
164,0,8.84601939469576
165,0,9.23161488026381
166,0,12.6792946830392
167,0,10.4337669909
168,0,10.0708529353142
169,0,9.34502575546503
170,0,11.8400566279888
171,0,6.46439893171191
172,0,12.565883807838
173,0,9.34502575546503
174,0,9.82134975492954
175,0,6.10833521932364
176,0,6.40613050200045
177,0,9.70793887972832
178,0,7.87068903446198
179,0,7.82532524317503
180,0,5.62714802799746
181,0,20.7087583839893
182,0,6.60049123689532
183,0,6.08026725240052
184,0,6.28733425401151
185,0,9.07284021377563
186,0,8.09750985354185
187,0,6.12416723743081
188,0,5.67256449721754
189,0,5.94537707365816
190,0,5.73993098805659
191,0,7.93873518705368
192,0,5.60514577955473
193,0,5.51431266649161
194,0,5.89996092821821
195,0,6.05612108483911
196,0,6.82731228880584
197,0,8.1655562389642
198,0,5.8764421264641
199,0,13.1102548912168
200,0,34.6809327602386
201,0,9.50380018912256
202,0,5.94271044246852
203,0,5.60613925335929
204,0,6.41903455834836
205,0,6.67120434809476
206,0,5.96737934392877
207,0,5.58209781593177
208,0,6.26282196026295
209,0,8.52847029455006
210,0,6.51253457908751
211,0,6.19221362285316
212,0,6.41903467476368
213,0,9.23161514037929
214,0,6.55512721277773
215,0,6.60049146972597
216,0,10.365720372647
217,0,9.13483230397105
218,0,5.44558651745319
219,0,5.76428620843217
220,0,5.37790625094203
221,0,5.82930003292859
222,0,6.46596745355055
223,0,5.67235535709187
224,0,5.44558672118001
225,0,5.90027464204468
226,0,6.19357300456613
227,0,6.37367041781545
228,0,6.32830616086721
229,0,9.57184657454491
230,0,6.75926613621414
231,0,6.03547807259019
232,0,6.03861542185768
233,0,5.71808550739661
234,0,5.60525030596182
235,0,5.46779802243691
236,0,6.60436088219285
237,0,5.87748776888475
238,0,5.51326702407096
239,0,6.73658400774002
240,0,5.74108137516305
241,0,5.71771955583245
242,0,5.62688666104805
243,0,6.23946002451703
244,0,6.8499946501106
245,0,5.57979708537459
246,0,6.26025977544487
247,0,6.23898962112435
248,0,6.3999603735283
249,0,5.62693896063138
250,0,6.12599728628993
251,0,5.51452190848067
252,0,5.65066689159721
253,0,5.71782398037612
254,0,5.5823068250902
255,0,6.55863049905747
256,0,6.0353736334946
257,0,5.67293039057404
258,0,5.67324438998185
259,0,5.60472742654383
260,0,5.85198192857206
261,0,5.71824231883511
262,0,5.6950373982545
263,0,6.57780910842121
264,0,5.69613551488146
265,0,5.76344988076016
266,0,6.26386783551425
267,0,5.92191061878111
268,0,5.65009166894015
269,0,5.55894471472129
270,0,6.17209380288841
271,0,5.65061462111771
272,0,5.80776837887242
273,0,6.37367041781545
274,0,8.46042347257026
275,0,12.8153876285069
276,0,13.1102548912168
277,0,7.09949783049524
278,0,34.8397083580494
279,0,5.4469984897878
280,0,5.96539280377328
281,0,7.77996052056551
282,0,6.19305032887496
283,0,8.12019221484661
284,0,6.46628119284287
285,0,6.39635231345892
286,0,6.21489575132728
287,0,5.73857175186276
288,0,14.6299554035068
289,0,5.80661790445447
290,0,5.83113031461835
291,0,11.8627389892936
292,0,6.60049123689532
293,0,5.9427103260532
294,0,6.21489575132728
295,0,5.71813782153185
296,0,5.85360283730552
297,0,5.5589972762391
298,0,5.8308164589107
299,0,5.87612848175922
300,0,5.83170542086009
301,0,5.9216492518317
302,0,6.1038905987516
303,0,6.30562426522374
304,0,5.51352846377995
305,0,5.44490688480437
306,0,5.90032676700503
307,0,5.67282614065334
308,0,5.69639710010961
309,0,5.74076789598621
310,0,6.26261270372197
311,0,5.96779788975255
312,0,5.94406999880448
313,0,6.08052869210951
314,0,5.92259061522782
315,0,6.14962092367932
316,0,6.0346414684318
317,0,5.85381226846948
318,0,6.16953149437904
319,0,5.74108143337071
320,0,6.08241109875962
321,0,5.92196328216232
322,0,5.62777550658211
323,0,6.05873542372137
324,0,5.96732733902172
325,0,6.0166654875502
326,0,5.71808544918895
327,0,6.05680083390325
328,0,6.17235514800996
329,0,6.17235526442528
330,0,5.78686413064133
331,0,6.3114280346781
332,0,6.35307998163626
333,0,5.69514220114797
334,0,6.01436471333727
335,0,6.35339337168261
336,0,5.78560914436821
337,0,6.17517880164087
338,0,5.78602717723697
339,0,6.16953137796372
340,0,5.80813412670977
341,0,5.583823134657
342,0,5.69514188100584
343,0,5.78634101111675
344,0,5.80881383211818
345,0,5.67251216853037
346,0,5.62761850596871
347,0,5.49136904010084
348,0,5.80870968406089
349,0,5.46826852951199
350,0,5.92311348009389
351,0,5.39996125735343
352,0,5.46800752636045
353,0,5.49518619664013
354,0,5.9469460247783
355,0,5.55946782696992
356,0,5.55957213509828
357,0,5.4463185952045
358,0,5.33264665864408
359,0,5.40105905383825
360,0,5.40095457108691
361,0,5.80886652460322
362,0,5.90111091150902
363,0,6.37832408392569
364,0,5.65113734046463
365,0,5.92170186973817
366,0,5.58126083706156
367,0,5.55878799059428
368,0,5.89975155889988
369,0,5.65134659700561
370,0,5.60488409428217
371,0,5.46847791702021
372,0,5.55910161347128
373,0,5.42447314364836
374,0,5.6270432396559
375,0,5.46905305236578
376,0,5.46732742805034
377,0,5.37853394052945
378,0,5.58147016272414
379,0,5.71866089012474
380,0,5.42332301847637
381,0,5.4907938465476
382,0,5.56061835959554
383,0,5.5366811575368
384,0,5.55952001013793
