Index,Label,Amplitude
1,0,6.37367041781545
2,1,49.741848371923
3,1,205.068869516253
4,1,43.0733114480972
5,1,19.4904200034216
6,0,4.56082789605716
7,1,8.52847006171942
8,1,45.0012870132923
9,1,480.089366436005
10,1,195.428987964988
11,1,443.004108965397
12,1,81.7529875785112
13,1,136.999897658825
14,0,11.2956864759326
15,1,23.0903793126345
16,0,4.74055903032422
17,0,4.67429068703495
18,0,4.94469795376062
19,0,4.94678964605555
20,0,4.5830915478291
21,0,4.90085019555409
22,0,4.47020400679321
23,0,4.76554183114786
24,0,4.65139932566672
25,0,4.47036090918118
26,0,5.19629290647572
27,0,4.62892658106284
28,0,4.81054006013437
29,0,4.60645341081545
30,0,5.06004307680996
31,0,4.85548601136543
32,0,4.49288624440669
33,0,4.74249376566149
34,0,5.19420113414526
35,0,4.94469795376062
36,0,4.78780555204139
37,0,4.53845944321074
38,0,4.7878058248898
39,0,5.01494034688221
40,0,4.58377134054899
41,0,4.58371918648481
42,0,4.56061866134405
43,0,4.58382374199573
44,0,4.7421277849935
45,0,4.99142179614864
46,0,4.7651235217927
47,0,4.58377131144516
48,0,4.71960262802895
49,0,5.51692716544494
50,0,4.94647583400365
51,0,5.17355825286359
52,0,4.99220623169094
53,0,4.99215398303932
54,0,5.01483601692598
55,0,5.01446987618692
56,0,5.15082402853295
57,0,5.12788062042091
58,0,4.7648100371589
59,0,4.62924029852729
60,0,4.83311769494321
61,0,4.71939348062733
62,0,4.6741859841859
63,0,8.59651644714177
64,0,4.99246727849822
65,0,4.96941941855766
66,0,4.87890024669468
67,0,5.01457469363231
68,0,4.6978616155684
69,0,4.71975949767511
70,0,4.94694645749405
71,0,5.03751782525796
72,0,4.69733885256574
73,0,4.67413379374193
74,0,4.62965853512287
75,0,4.62897888064617
76,0,8.02946370095015
77,0,5.28906052932143
78,0,4.83463401906192
79,0,4.62819437962025
80,0,5.01572486246005
81,0,5.15197403728962
82,0,4.71965487668058
83,0,5.06087997928262
84,0,5.08225479097746
85,0,4.87848186457995
86,0,4.87874337704852
87,0,4.69671113387449
88,0,4.72028239164501
89,0,5.01274457201362
90,0,4.74296452011913
91,0,4.76470531430095
92,1,2231.45467042923
93,0,7.12217972613871
94,0,4.83280385378748
95,0,4.67423845839221
96,0,4.90137300585047
97,0,4.74270304403035
98,0,4.83128754422069
99,0,5.14883687719703
100,0,4.6971296906122
101,0,5.08345739581273
102,0,5.0597293611645
103,0,4.78723066771636
104,0,4.85522436974861
105,0,5.10483239486348
106,0,4.65155625715852
107,0,4.81059239973547
108,0,5.01541097764857
109,0,4.99251984001603
110,0,5.24458501604386
111,0,5.64784335438162
112,0,5.35783873056062
113,0,4.83306542446371
114,0,4.92395056789974
115,0,5.492990341736
116,0,5.35679288441315
117,0,4.88083489472046
118,0,4.99382706766482
119,0,5.21688326261938
120,0,5.10347273666412
121,0,6.41903490759432
122,0,6.10896269790828
123,0,4.90220967913046
124,0,4.8337975749746
125,0,4.74343508540187
126,0,4.87842962320428
127,0,5.06009545642883
128,0,4.651346920582
129,0,4.81033082905924
130,0,5.01499293022789
131,0,4.69681587128434
132,0,5.08225488010794
133,0,5.24160475470126
134,0,4.90173908474389
135,0,5.24202270753449
136,0,5.05957267887425
137,0,5.12803718447685
138,0,4.60661049146438
139,0,4.83343125961255
140,0,4.9012162762665
141,0,5.01462683678255
142,0,6.03474618401378
143,0,4.60619211662561
144,0,4.99455915996805
145,0,4.69780933781294
146,0,4.6286649958347
147,0,4.74244150245795
148,0,5.40043169166893
149,0,4.60661041142885
150,0,6.21489575132728
151,0,5.1731399144046
152,0,4.87816789973294
153,0,4.51577735657338
154,0,4.97004671342438
155,0,4.67476137782796
156,0,4.78723076230381
157,0,5.17151923850179
158,0,5.19885506946594
159,0,4.97062207432464
160,0,4.67434312304249
161,0,4.67423838927061
162,0,4.51556834741496
163,0,4.71955019747838
164,0,4.83238554443233
165,0,5.48906857147813
166,0,5.67052513360977
167,0,5.89734641835093
168,0,5.35297580063343
169,0,5.05810859613121
170,0,4.83405875274912
171,0,4.94783540489152
172,0,11.2751070410013
173,0,6.19221362285316
174,0,5.62516110949218
175,0,15.0835972744972
176,0,11.4771427470259
177,0,7.39436491858214
178,0,5.14883711002767
179,0,8.39237758191302
180,0,5.46638644300401
181,0,6.35098805651069
182,0,6.37367065064609
183,0,7.93873541988432
184,0,8.12019221484661
185,0,8.48310592118651
186,0,11.8606061732862
187,0,4.58361467462964
188,0,4.92593774106354
189,0,5.15056247058965
190,0,4.76486202387605
191,0,5.03694289363921
192,0,4.99173571188294
193,0,4.99466387555003
194,0,4.92562385625206
195,0,5.0612983177416
196,0,4.99142163607758
197,0,6.03526888880879
198,0,4.83280398475472
199,0,4.81069709348958
200,0,4.83275161059282
201,0,4.92478720843792
202,0,4.67523169936612
203,0,4.62845606671181
204,0,5.21918383310549
205,0,4.69718185195234
206,0,4.69671107930481
207,0,4.67392455902882
208,0,4.90189605625346
209,0,4.67423822556157
210,0,4.69671134487726
211,0,4.53872099751607
212,0,4.74244146607816
213,0,4.76522816461511
214,0,5.06009563468979
215,0,4.72049142990727
216,0,5.15181748778559
217,0,4.96941956953378
218,0,4.60629670851631
219,0,5.21819051755301
220,0,5.13086066348478
221,0,4.83379728393629
222,0,4.74270305858226
223,0,4.8557998961769
224,1,2231.45467042923
225,0,8.68307263590395
226,0,5.01373801671434
227,0,4.85574749473017
228,0,5.2423890447244
229,0,5.19529933808371
230,0,5.12688695744146
231,0,4.85574763297336
232,0,5.03798859426752
233,0,4.90074565459508
234,0,4.78733520867536
235,0,4.76449605775997
236,0,4.87822025024798
237,0,5.08230703053414
238,0,4.69519477337599
239,0,4.87822049763054
240,0,4.8781160148792
241,0,4.92253879201598
242,0,5.059311282821
243,0,4.94626685394906
244,0,4.76496661576675
245,0,4.74390552699333
246,0,4.81064491759753
247,0,4.76501891535008
248,0,5.10514610505197
249,0,4.92337538162246
250,0,5.46837344882078
251,0,4.76486209663562
252,0,4.71787701826543
253,0,5.10415248572826
254,0,4.81017408310436
255,0,4.74212767585414
256,0,4.94469807017595
257,0,5.60300183133222
258,0,5.69320749491453
259,0,5.35491056871251
260,0,5.12850780796725
261,0,5.10525051140576
262,0,4.9243688408751
263,0,5.21855653096281
264,0,4.94689399056369
265,0,4.90100703609642
266,0,5.01483595871832
267,0,4.742389137391
268,0,5.17502223374322
269,0,4.81033099640626
270,0,5.21907926304266
271,0,4.85564299560792
272,0,4.81043567560846
273,0,4.87858647102257
274,0,4.92327089159517
275,0,4.60551220749039
276,0,4.71986390766688
277,0,5.17256489547435
278,0,4.76564648852218
279,0,5.08079072460532
280,0,4.9235324622714
281,0,4.78738724632422
282,0,4.60666269646026
283,0,5.35417842911556
284,0,4.71939344424754
285,0,5.53443282842636
286,0,4.65197465382516
287,0,4.99006221070886
288,0,5.17251252313145
289,0,5.14956899860408
290,0,4.96821690467186
291,0,5.08188884487026
292,0,4.76465300016571
293,0,4.96832135831937
294,0,5.42227731784806
295,0,4.92300948826596
296,0,4.81085394858383
297,0,4.87900464395352
298,0,6.76679552998394
299,0,5.37628540769219
300,0,4.69676367356442
301,0,4.60598299105186
302,0,4.92368919367436
303,0,5.08157498552464
304,0,4.65176538273226
305,0,4.67423848749604
306,0,4.9900624435395
307,0,4.74191858666018
308,0,4.69634532055352
309,0,5.03709970507771
310,0,4.99126489739865
311,0,4.51546376280021
312,0,4.56046167892055
313,0,4.71918408584315
314,0,4.62808962038253
315,0,4.53642022330314
316,0,4.90048438950907
317,0,4.87827260803897
318,0,4.81059234880377
319,0,4.67439519707114
320,0,4.51562048692722
321,0,4.968844470568
322,0,5.92096966283862
323,0,4.58377148424916
324,0,4.94678966788342
325,1,6.7139018792659
326,0,8.00678133964539
327,1,9.6651897765696
328,0,4.74197084258776
329,0,5.26334569440223
330,0,5.42217248585075
331,0,4.83280389016727
332,0,5.10498916264623
333,0,5.12803728634026
334,0,5.42285246774554
335,0,4.78665533591993
336,0,4.53819817630574
337,0,4.81054012925597
338,0,4.78728300367948
339,0,4.76501906814519
340,0,5.67193719325587
341,0,5.15056238509715
342,0,6.35219097603112
343,0,5.15035341959447
344,0,5.2408201736398
345,1,7.6438682153821
346,0,4.96931471570861
347,0,4.67444746755064
348,0,4.67282655881718
349,0,5.12730533955619
350,0,4.72002085007261
351,0,4.76533277833369
352,0,5.10535505600274
353,0,4.87900478037773
354,0,5.0369950622553
355,0,5.2184518717695
356,0,5.46968064736575
357,0,4.69660671660677
358,0,4.90189597621793
359,0,4.60566915171512
360,0,4.58335298026213
361,0,4.76522820827086
362,0,4.71918421681039
363,0,4.60650579771027
364,0,4.71970732178306
365,0,4.71949795610271
366,0,5.15082404308487
367,0,5.060095427325
368,0,4.81074923300184
369,0,5.03689062315971
370,0,4.69660673115868
371,0,4.81038344150875
372,0,5.19629272457678
373,0,4.99126498471014
374,0,5.03872073022649
375,0,4.78770112385973
376,0,5.10598241817206
377,0,4.67429075797554
378,0,4.58366679958999
379,0,8.68009217083454
380,0,5.40090230060741
381,0,5.26554181124084
382,0,4.81189967831597
383,0,5.47093548811972
384,0,5.26721496134996
385,0,5.4250483517535
386,0,4.85810055397451
387,0,4.94888104731217
388,0,5.35653135739267
389,0,5.03819767618552
390,0,4.85506776021793
391,0,4.71902721619699
392,0,4.83698694733903
393,0,4.65129488293314
394,0,4.90132065169746
395,0,4.94642363628373
396,0,5.08262100993306
397,0,5.08256838656962
398,0,5.42353223863756
399,0,5.46957601909526
400,0,4.62876960227732
401,0,5.19639730919152
402,0,5.26365909900051
403,0,4.96900110738352
404,0,4.96936711715534
405,0,4.65186988003552
406,0,4.697077369201
407,0,5.24129113182425
408,0,4.85475407913327
409,0,4.78838081471622
410,0,4.71965471115254
411,0,5.74082013918087
412,0,4.83374507166445
413,0,4.69681581307668
414,0,5.12829883155064
415,0,5.24150021374226
416,1,6.41903444193304
417,0,4.85485868557589
418,0,5.8305551065132
419,0,5.69535105023533
420,0,4.92400307120988
421,0,5.60294967726804
422,0,5.80698414705694
423,0,5.64878428122029
424,0,4.90048444771674
425,0,6.12505633034743
426,0,5.67110048723407
427,0,5.58084261137992
428,0,4.87822023569606
429,0,4.87822049763054
430,0,4.96926261985209
431,0,4.60624438710511
432,0,4.85532911261544
433,0,4.87832498038188
434,0,5.05999091546983
435,0,4.96962858596817
436,0,4.83290828196914
437,0,4.67429072887171
438,0,4.6519222050847
439,0,4.94610976602416
440,0,5.69566474587191
441,0,4.74223236960825
442,0,4.74202318582684
443,0,5.67350588971749
444,0,4.65181760955602
445,0,4.67413385922555
446,0,4.78770112385973
447,0,4.87780235562241
448,0,5.21798126283102
449,0,4.85574732010718
450,0,5.24082030460704
451,0,6.60049158614129
452,0,5.80740210716613
453,0,5.62573605202488
454,0,6.55517970699293
455,0,5.58183633256704
456,0,5.78456331277266
457,0,4.49262461916078
458,0,12.6339299604297
459,0,4.65045828605071
460,0,5.71615104854573
461,0,5.60326309641823
462,0,6.44171657040715
463,0,5.67099588806741
464,0,4.56056632901891
465,0,5.69357356289402
466,0,4.69697278822423
467,0,5.31148083973676
468,0,4.67470884177601
469,0,4.83290870761266
470,0,5.44412239105441
471,0,4.60634893534007
