Index,Label,Amplitude
1,1,163.368908688426
2,1,51.8059208989143
3,1,88.7631271034479
4,0,46.1807585088536
5,1,689.368215156719
6,1,68.5307439416647
7,1,451.819345355034
8,0,15.3601337224245
9,1,10.3430385061074
10,1,18.4737406671047
11,1,8.46042414195836
12,0,15.9936212003231
13,0,15.7186966389418
14,0,9.61721083149314
15,0,11.2956874072552
16,0,9.7759859636426
17,1,8.02946370095015
18,1,304.915487766266
19,1,17.3744894564152
20,1,195.882618427277
21,0,19.1512973979115
22,1,32.6395444571972
23,1,371.510135009885
24,1,9.95744206011295
25,1,159.976854920387
26,1,197.719871997833
27,1,65.9141853393521
28,1,469.632893800735
29,0,4.87801129929721
30,0,7.55392415885581
31,0,7.00876908376813
32,0,5.08188872481696
33,0,5.98870206158608
34,0,4.9461097769381
35,0,6.30677456138073
36,0,5.5125873623183
37,0,8.14423387055285
38,0,24.9514089373406
39,0,8.43795070977649
40,0,6.48807446123101
41,0,10.8879839826841
42,0,4.71955018292647
43,0,4.7418141621165
44,0,4.7422847856069
45,0,4.9909511290025
46,0,4.90079785231501
47,0,5.17266936367378
48,0,5.03720431879628
49,0,4.90085030469345
50,0,5.97569352248684
51,0,5.19420101772994
52,0,4.83249004173558
53,0,4.76486218394712
54,0,5.17204197240062
55,0,4.80991261429153
56,0,8.12306831358001
57,0,5.10530278552324
58,0,4.83306547539541
59,0,4.90043192985468
60,0,4.96921029844088
61,0,5.35297580063343
62,0,4.94652814086294
63,0,5.0594680942595
64,0,4.92363680677954
65,0,4.9463191680843
66,0,4.92342788129463
67,0,5.15045772408484
68,0,5.12735766824335
69,0,5.01452214848541
70,0,5.24123853392666
71,0,5.73857146082446
72,0,5.03730893979082
73,0,5.17277411563555
74,0,10.0481706904247
75,0,8.8701136992313
76,0,7.28173871175386
77,0,14.1318379610311
78,0,10.7536168943625
79,0,7.16968770939275
80,0,12.7729510422796
81,0,13.683685916476
82,0,11.9129659142345
83,0,9.32459227624349
84,0,10.6212369864807
85,0,16.5014429949224
86,0,9.71384823787957
87,0,8.01284681074321
88,0,6.80996384471655
89,0,5.40158175863326
90,0,5.58058099704795
91,0,5.01494041236583
92,0,5.05957258064882
93,0,7.03589571639895
94,0,7.10347143467516
95,0,5.28681214200333
96,0,5.67387189948931
97,0,5.71777166624088
98,0,5.42337525985204
99,0,6.24008773593232
100,0,5.37754029210191
101,0,6.58157392172143
102,0,6.1724596307613
103,0,5.15009176160675
104,0,5.33212383379578
105,0,5.12798522686353
106,0,5.08194084977731
107,0,4.90074550907593
108,0,4.99116029095603
109,0,5.40001349872909
110,0,5.19420113414526
111,0,5.08220260235248
112,0,5.10498924268177
113,0,6.03615812724456
114,0,4.96915789153718
115,0,4.78759648831328
116,0,5.05967732351564
117,0,4.90111168619478
118,0,4.83337894547731
119,0,4.94631910260068
120,0,5.80829090904444
121,0,5.44480248936452
122,0,4.9916831558221
123,0,5.3550153170363
124,0,5.28660271083936
125,0,5.8519821614027
126,0,4.94642369449139
127,0,8.68724472820759
128,0,5.51368526066653
129,0,5.30923261248972
130,0,5.82929980009794
131,0,7.66655011102557
132,0,4.9463712493889
133,0,4.96900110738352
134,0,6.33123420993797
135,0,9.39582765568048
136,0,7.39896652521566
137,0,4.7196024133882
138,0,7.08246300928295
139,0,6.6265725181438
140,0,4.87795876870223
141,0,5.3773833788
142,0,5.19608339527622
143,0,5.19420113414526
144,0,6.96340529248118
145,0,5.21839968860149
146,0,6.10268797390745
147,0,4.96936733543407
148,0,5.01452209573472
149,0,5.03699506953126
150,0,8.87236173730344
151,0,10.0967767648399
152,0,6.64852262707427
153,0,6.65003864560276
154,0,7.44260533247143
155,0,9.4854062772356
156,0,4.90085030469345
157,0,4.85517223569332
158,0,6.14820886403322
159,0,17.2157152555883
160,0,6.62317348178476
161,0,10.8473773580045
162,0,5.87466394063085
163,0,5.62605002778582
164,0,35.4079097160138
165,0,12.3038424644619
166,0,11.5770222619176
167,0,15.2725314255804
168,0,16.8528016656637
169,0,9.28430003114045
170,0,20.3231628984213
171,0,16.2924414034933
172,0,19.2263289354742
173,0,10.5849178507924
174,0,6.40403921715915
175,0,8.45274841412902
176,0,10.2305272594094
177,0,15.6441887374967
178,0,9.23000555485487
179,0,8.12019221484661
180,0,12.6339299604297
181,0,5.26951556093991
182,0,6.63195794913918
183,0,10.4256729828194
184,0,5.53443282842636
185,0,13.155618624296
186,0,15.242372173816
187,0,6.98608718812466
188,0,7.59850372560322
189,0,5.03542646765709
190,0,6.91804080270231
191,0,4.80860553216189
192,0,8.11131438240409
193,0,5.69320726208389
194,0,5.69320749491453
195,0,5.89734641835093
196,0,4.85396978911012
197,0,12.7927048597485
198,0,9.23161511309445
199,0,6.8499946501106
200,0,5.06025232243701
201,0,5.37565792910755
202,0,6.98608718812466
203,0,5.89734618552029
204,0,7.23559019388631
205,0,5.85198210319504
206,0,15.5145577155054
207,0,5.87466405704618
208,0,8.59651621431112
209,0,7.23559036850929
210,0,10.1388990879059
211,0,13.7453535571694
212,1,23.9069350063801
213,0,10.0254889111966
214,0,9.75330360233784
215,0,4.78592328727245
216,0,8.04086274001747
217,0,32.3370869737118
218,0,11.5919243980898
219,0,10.7997767627239
220,0,11.7748975753784
221,0,6.56495755538344
222,0,7.00876908376813
223,0,5.03673369530588
224,0,10.2069452404976
225,0,8.32261680625379
226,0,7.53045757301152
227,0,13.8416355475783
228,0,14.5837137242779
229,0,16.884853830561
230,0,23.4974240884185
231,0,10.1312762126327
232,0,27.1604331210256
233,0,22.7739508263767
234,0,21.7215279117227
235,1,91.2047252058983
236,0,16.5268024429679
237,0,7.40492739714682
238,0,9.36024216935039
239,0,9.63922403752804
240,0,25.9772204444744
241,0,26.935345493257
242,0,37.084192968905
243,0,43.6884080991149
244,0,31.2592755071819
245,0,29.4540133327246
246,0,24.4820099323988
247,0,14.0638663433492
248,0,5.42557111475617
249,0,5.49424521159381
250,0,5.81127172335982
251,0,5.17570215743035
252,0,5.19854133017361
253,0,5.28895563911647
254,0,5.08340488886461
255,0,4.94919496122748
256,0,4.96774626662955
257,0,5.35710656549782
258,0,6.51358009781688
259,0,4.92379378556507
260,0,12.6039502210915
261,0,5.40560833178461
262,0,7.68568832427263
263,1,9.27697960287333
264,0,4.5161956368247
265,0,4.72017782340117
266,0,4.6292402112158
267,0,4.85705472237896
268,0,4.766012498294
269,0,4.62944932223763
270,0,4.58418958442053
271,0,5.01650916703511
272,0,4.64983051642776
273,0,4.72012550744694
274,0,5.54049795755418
275,0,4.67486576235387
276,0,4.69760020132526
277,0,4.78827627375722
278,0,4.74270308041014
279,0,5.47203354653902
280,0,4.74317367479671
281,0,4.87947541114409
282,0,4.62950162909692
283,0,4.44814935326576
284,0,4.7881194477668
285,0,4.87921397143509
286,0,4.74327812116826
287,0,4.78848551574629
288,0,4.76543718832545
289,0,5.06087978283176
290,0,5.76454809197458
291,0,4.65207923843991
292,0,4.72022989561083
293,0,4.76575104585208
294,0,4.67460451181978
295,0,4.83327466463379
296,0,4.94741705915658
297,0,4.85647940877243
298,0,4.78895592823392
299,0,4.90194838494062
300,0,4.69765230081975
301,0,4.92415971530136
302,0,4.83348385023419
303,0,4.76580343820387
304,0,4.833797334868
305,0,4.49309525720309
306,0,6.39635231345892
307,0,4.69817544217221
308,0,4.92436898639426
309,0,4.49314766228781
310,0,5.08330069351359
311,0,4.87905695626978
312,0,5.58330037165433
313,0,4.96999451024749
314,0,5.49220583343413
315,0,4.76501891535008
316,0,4.87863856687909
317,0,6.35977266938426
318,0,5.3365682833828
319,0,4.90132097911555
320,0,4.78932214900851
321,0,5.03542646765709
322,0,4.71949803613825
323,0,6.95206987438723
324,0,4.94736488508352
325,0,4.969524074113
326,0,4.96999478491489
327,0,5.78858971130103
328,0,5.38130517816171
329,0,5.65139891114086
330,0,4.85684557497734
331,0,5.40137279313058
332,0,5.08319611253683
333,0,5.01562025601743
334,0,4.76564647760824
335,0,4.76564645941835
336,0,5.08319609798491
337,0,4.6288218072732
338,0,4.62903102015844
339,0,4.78827643382829
340,0,4.76664007874206
341,0,4.78937444859184
342,0,4.76507117855363
343,1,8.64188093692064
344,0,5.06182097888086
345,0,5.01619534770725
346,0,5.03981855581515
347,0,5.1528631884139
348,0,5.22143242415041
349,0,5.10796962043969
350,0,5.03892984306731
351,0,5.35668832890224
352,0,5.08476453251205
353,0,4.97041281778365
354,0,4.92426445998717
355,0,4.87942312611267
356,0,4.9465280608274
357,0,5.10545953875408
358,0,5.12835117842769
359,0,4.85642740386538
360,0,4.67418609332526
361,0,5.0149405724369
362,0,6.28294190391898
363,0,5.62516087666154
364,0,5.17408101586625
365,0,4.99006221070886
366,1,101.494897156954
367,0,5.28492964804173
368,0,5.33029390498996
369,0,4.85396943986416
370,0,6.41903467476368
371,0,5.35773404408246
372,0,5.40184333658544
373,0,5.28890342684463
374,0,5.06166417471832
375,0,5.22096190252341
376,0,5.47088336134038
377,0,5.06150728324428
378,0,5.24322571436642
379,0,5.10681932792068
380,0,2231.45467042923
381,0,5.33510418608785
382,0,5.19927332243242
383,0,5.51771163009107
384,0,5.26679659378715
